id,type,sim_state,tick_count,sim_time,delta_time,x,x_vel,x_acc,y,y_vel,y_acc,s,s_vel,s_acc,d,d_vel,d_acc,angle
38,3,2,1,23.356667,0.0,-21.539535899064504,9.258206835206598,0,22.462283367291093,-13.139538550761019,0,0.0,0.0,0.0,0.0,0.0,0.0,0.0
38,3,2,2,23.390103,0.033436,-21.329137301103184,9.342760738761935,0,22.171716939346958,-13.259540112095538,0,0.0,0.0,0.0,0.0,0.0,0.0,0.0
38,3,2,3,23.423558,0.033455,-21.13858885509026,9.417188070848724,0,21.900910154645892,-13.365169724459108,0,0.0,0.0,0.0,0.0,0.0,0.0,0.0
38,3,2,4,23.457009000000003,0.033451,-20.937867733544767,9.483368395999541,0,21.6100349710952,-13.459094924997324,0,0.0,0.0,0.0,0.0,0.0,0.0,0.0
38,3,2,5,23.490441,0.033432,-20.707135923305266,9.542808794262319,0,21.298775710799674,-13.543454609150887,0,0.0,0.0,0.0,0.0,0.0,0.0,0.0
38,3,2,6,23.523893,0.033452,-20.44588468601002,9.596646779458041,0,20.91710100143845,-13.619897413678633,0,0.0,0.0,0.0,0.0,0.0,0.0,0.0
38,3,2,7,23.557348,0.033455,-20.134490343228528,9.644239009593745,0,20.475075430621548,-13.690314959856067,0,0.0,0.0,0.0,0.0,0.0,0.0,0.0
38,3,2,8,23.590802,0.033454,-19.783055844022652,9.688787512021758,0,19.973245395206877,-13.753603047326942,0,0.0,0.0,0.0,0.0,0.0,0.0,0.0
38,3,2,9,23.624257,0.033455,-19.402250556563544,9.728117729685575,0,19.441650706483156,-13.812317081721572,0,0.0,0.0,0.0,0.0,0.0,0.0,0.0
38,3,2,10,23.657684000000003,0.033427,-19.031584990600283,9.765244599306063,0,18.901109117319866,-13.865094595599281,0,0.0,0.0,0.0,0.0,0.0,0.0,0.0
38,3,2,11,23.691135000000003,0.033451,-18.66088303788779,9.797923330167055,0,18.380025147799778,-13.914456152624284,0,0.0,0.0,0.0,0.0,0.0,0.0,0.0
38,3,2,12,23.724588,0.033453,-18.299955175473006,9.827859267271498,0,17.86871067566582,-13.959863267939655,0,0.0,0.0,0.0,0.0,0.0,0.0,0.0
38,3,2,13,23.758038000000003,0.03345,-17.93905936505207,9.856649507901134,0,17.357441613270755,-14.000931590239126,0,0.0,0.0,0.0,0.0,0.0,0.0,0.0
38,3,2,14,23.791485,0.033447,-17.578185761738187,9.88058791403797,0,16.846204007853455,-14.040820233946215,0,0.0,0.0,0.0,0.0,0.0,0.0,0.0
38,3,2,15,23.824935,0.03345,-17.217630423736818,9.903974440778757,0,16.335275546687082,-14.077051941220864,0,0.0,0.0,0.0,0.0,0.0,0.0,0.0
38,3,2,16,23.858383000000003,0.033448,-16.866415955795027,9.930094917459755,0,15.833696782748683,-14.117186522186296,0,0.0,0.0,0.0,0.0,0.0,0.0,0.0
38,3,2,17,23.891835,0.033452,-16.505488487035453,10.072963531473034,0,15.32238286755221,-14.323468688812639,0,0.0,0.0,0.0,0.0,0.0,0.0,0.0
38,3,2,18,23.925284,0.033449,-16.1450185613002,10.219574126613633,0,14.811544312954227,-14.538138678491112,0,0.0,0.0,0.0,0.0,0.0,0.0,0.0
38,3,2,19,23.958688000000002,0.033404,-15.794204123133296,10.367851362254966,0,14.310563353066122,-14.755217647486672,0,0.0,0.0,0.0,0.0,0.0,0.0,0.0
38,3,2,20,23.992088000000003,0.0334,-15.43427381434569,10.502994885652775,0,13.800480389485198,-14.950870771109992,0,0.0,0.0,0.0,0.0,0.0,0.0,0.0
38,3,2,21,24.025513,0.033425,-15.08321198594487,10.606148570376416,0,13.299157823588287,-15.104140081713807,0,0.0,0.0,0.0,0.0,0.0,0.0,0.0
38,3,2,22,24.058947000000003,0.033434,-14.72296214153439,10.665770473358252,0,12.78813303611775,-15.19552018791083,0,0.0,0.0,0.0,0.0,0.0,0.0,0.0
38,3,2,23,24.092391000000003,0.033444,-14.371647566461904,10.68257431332384,0,12.27743846231412,-15.22594990947757,0,0.0,0.0,0.0,0.0,0.0,0.0,0.0
38,3,2,24,24.125806,0.033415,-14.011640972594403,10.670257345274104,0,11.776207904350835,-15.214874567847456,0,0.0,0.0,0.0,0.0,0.0,0.0,0.0
38,3,2,25,24.159246000000003,0.03344,-13.660341509476897,10.644842034433601,0,11.26562449482571,-15.185280137575257,0,0.0,0.0,0.0,0.0,0.0,0.0,0.0
38,3,2,26,24.192688,0.033442,-13.30007805159738,10.620762852552117,0,10.763930503718505,-15.160447916363825,0,0.0,0.0,0.0,0.0,0.0,0.0,0.0
38,3,2,27,24.226128000000003,0.03344,-12.949312324351624,10.607979627029573,0,10.253392546386223,-15.14866127993819,0,0.0,0.0,0.0,0.0,0.0,0.0,0.0
38,3,2,28,24.259548000000002,0.03342,-12.598162045009248,10.599463169132154,0,9.752003740704499,-15.143145761124515,0,0.0,0.0,0.0,0.0,0.0,0.0,0.0
38,3,2,29,24.293004000000003,0.033456,-12.237812338799475,10.589009566193235,0,9.241249710873815,-15.137901861994294,0,0.0,0.0,0.0,0.0,0.0,0.0,0.0
38,3,2,30,24.326443,0.033439,-11.887057101853241,10.578477289082972,0,8.739528549321285,-15.132529439723482,0,0.0,0.0,0.0,0.0,0.0,0.0,0.0
38,3,2,31,24.359899000000002,0.033456,-11.535453898993595,10.568118749389116,0,8.228836146313396,-15.127615159096672,0,0.0,0.0,0.0,0.0,0.0,0.0,0.0
38,3,2,32,24.393334000000003,0.033435,-11.175399776309446,10.55701148744087,0,7.727113589463605,-15.124403093633608,0,0.0,0.0,0.0,0.0,0.0,0.0,0.0
38,3,2,33,24.426785000000002,0.033451,-10.824518665786911,10.547638223983462,0,7.216544463621035,-15.120892181509978,0,0.0,0.0,0.0,0.0,0.0,0.0,0.0
38,3,2,34,24.460238,0.033453,-10.473615801022833,10.537069302086481,0,6.714514081383222,-15.118658360609146,0,0.0,0.0,0.0,0.0,0.0,0.0,0.0
38,3,2,35,24.493686,0.033448,-10.122756446003804,10.526521301574974,0,6.204027008267951,-15.11644190956419,0,0.0,0.0,0.0,0.0,0.0,0.0,0.0
38,3,2,36,24.527112000000002,0.033426,-9.772137571672033,10.51580017243449,0,5.702360091010908,-15.113956741716597,0,0.0,0.0,0.0,0.0,0.0,0.0,0.0
38,3,2,37,24.560526000000003,0.033414,-9.4216437328907,10.504684981902164,0,5.192437417738629,-15.111145484633969,0,0.0,0.0,0.0,0.0,0.0,0.0,0.0
38,3,2,38,24.593936000000003,0.03341,-9.071183034281058,10.491971544615701,0,4.691779277687535,-15.10899144911837,0,0.0,0.0,0.0,0.0,0.0,0.0,0.0
38,3,2,39,24.627357000000003,0.033421,-8.720616606998833,10.479058762775221,0,4.190143827796941,-15.106805473244005,0,0.0,0.0,0.0,0.0,0.0,0.0,0.0
38,3,2,40,24.660792,0.033435,-8.369902439996496,10.464856875105246,0,3.6799498539893016,-15.105443063440646,0,0.0,0.0,0.0,0.0,0.0,0.0,0.0
38,3,2,41,24.69422,0.033428,-8.019252984171088,10.451925230331318,0,3.178156835735161,-15.103212068558149,0,0.0,0.0,0.0,0.0,0.0,0.0,0.0
38,3,2,42,24.727649000000003,0.033429,-7.668602641562392,10.437546745214636,0,2.6680929995624334,-15.101826835240376,0,0.0,0.0,0.0,0.0,0.0,0.0,0.0
38,3,2,43,24.761094,0.033445,-7.317783516150754,10.423078669237688,0,2.166015609713826,-15.100594365662383,0,0.0,0.0,0.0,0.0,0.0,0.0,0.0
38,3,2,44,24.794512,0.033418,-6.967239018022228,10.407489224853913,0,1.6561449672988318,-15.100643483043125,0,0.0,0.0,0.0,0.0,0.0,0.0,0.0
38,3,2,45,24.827962000000003,0.03345,-6.6173160409495715,10.392296386924738,0,1.1549012234800398,-15.101268242606533,0,0.0,0.0,0.0,0.0,0.0,0.0,0.0
38,3,2,46,24.861392000000002,0.03343,-6.27570655120733,10.37762064860783,0,0.6529891758440615,-15.102611966675381,0,0.0,0.0,0.0,0.0,0.0,0.0,0.0
38,3,2,47,24.894809000000002,0.033417,-5.926154413279266,10.363428291730374,0,0.1431929492438231,-15.104634052001696,0,0.0,0.0,0.0,0.0,0.0,0.0,0.0
38,3,2,48,24.928219000000002,0.03341,-5.584721560899936,10.349425056451922,0,-0.35745139846896046,-15.107233226251894,0,0.0,0.0,0.0,0.0,0.0,0.0,0.0
38,3,2,49,24.961644000000003,0.033425,-5.235124222642516,10.334262956624169,0,-0.8593341469805104,-15.111059700554303,0,0.0,0.0,0.0,0.0,0.0,0.0,0.0
38,3,2,50,24.995054000000003,0.03341,-4.893651641622092,10.319067542664135,0,-1.3689798554416652,-15.115143696831778,0,0.0,0.0,0.0,0.0,0.0,0.0,0.0
38,3,2,51,25.028466,0.033412,-4.544218369460456,10.302838164288616,0,-1.8706929269863621,-15.120279330958589,0,0.0,0.0,0.0,0.0,0.0,0.0,0.0
38,3,2,52,25.061874000000003,0.033408,-4.2037995204515255,10.288065966779932,0,-2.380270131054122,-15.12496149668304,0,0.0,0.0,0.0,0.0,0.0,0.0,0.0
38,3,2,53,25.095285,0.033411,-3.8633420546582915,10.271933723816767,0,-2.8809428733109157,-15.130895076256914,0,0.0,0.0,0.0,0.0,0.0,0.0,0.0
38,3,2,54,25.128699,0.033414,-3.521784527359862,10.254505272300543,0,-3.3827257726590223,-15.137469622120221,0,0.0,0.0,0.0,0.0,0.0,0.0,0.0
38,3,2,55,25.162112,0.033413,-3.1723932990000807,10.2381241785591,0,-3.8923381034810896,-15.142660895066754,0,0.0,0.0,0.0,0.0,0.0,0.0,0.0
38,3,2,56,25.195531000000003,0.033419,-2.831854357758579,10.221231238029898,0,-4.394238944755899,-15.14744592048902,0,0.0,0.0,0.0,0.0,0.0,0.0,0.0
38,3,2,57,25.228945000000003,0.033414,-2.4913754407198323,10.202799706582034,0,-4.90383495114187,-15.152835754865714,0,0.0,0.0,0.0,0.0,0.0,0.0,0.0
38,3,2,58,25.262359,0.033414,-2.1520318522956727,10.184283993531933,0,-5.404540944261516,-15.157707412745479,0,0.0,0.0,0.0,0.0,0.0,0.0,0.0
38,3,2,59,25.295766,0.033407,-1.8204787464411243,10.16665517576513,0,-5.906302359146065,-15.160963811040089,0,0.0,0.0,0.0,0.0,0.0,0.0,0.0
38,3,2,60,25.329179000000003,0.033413,-1.4800100193588295,10.148520687072972,0,-6.415842925559899,-15.163064942412264,0,0.0,0.0,0.0,0.0,0.0,0.0,0.0
38,3,2,61,25.362591000000002,0.033412,-1.1395502840527876,10.131074121982067,0,-6.917695054949733,-15.163262473858373,0,0.0,0.0,0.0,0.0,0.0,0.0,0.0
38,3,2,62,25.395998000000002,0.033407,-0.7991337044546662,10.113132378841561,0,-7.4283199234332855,-15.162686712410608,0,0.0,0.0,0.0,0.0,0.0,0.0,0.0
38,3,2,63,25.429432000000002,0.033434,-0.4596593739870735,10.094943228532069,0,-7.9381356095058635,-15.160935910398576,0,0.0,0.0,0.0,0.0,0.0,0.0,0.0
38,3,2,64,25.462846000000003,0.033414,-0.1279708325625177,10.078729244373639,0,-8.440064232588837,-15.155915818824155,0,0.0,0.0,0.0,0.0,0.0,0.0,0.0
38,3,2,65,25.496282,0.033436,0.21274120159067642,10.06268717452746,0,-8.951132281686395,-15.148247626433633,0,0.0,0.0,0.0,0.0,0.0,0.0,0.0
38,3,2,66,25.529692,0.03341,0.5519230278687962,10.045904955740378,0,-9.461789518118515,-15.13859823700826,0,0.0,0.0,0.0,0.0,0.0,0.0,0.0
38,3,2,67,25.563102,0.03341,0.8836188100037324,10.030825566658523,0,-9.972448692118531,-15.125734409111065,0,0.0,0.0,0.0,0.0,0.0,0.0,0.0
38,3,2,68,25.596508,0.033406,1.2240251041466208,10.01491808348993,0,-10.48305813752906,-15.111179359711068,0,0.0,0.0,0.0,0.0,0.0,0.0,0.0
38,3,2,69,25.629943,0.033435,1.5634164194029312,9.999314881024613,0,-10.992795901258482,-15.093351983945858,0,0.0,0.0,0.0,0.0,0.0,0.0,0.0
38,3,2,70,25.663394,0.033451,1.8955752916904633,9.98459792300716,0,-11.495383417154073,-15.071137639249912,0,0.0,0.0,0.0,0.0,0.0,0.0,0.0
38,3,2,71,25.696847,0.033453,2.2364604448634933,9.968265657684197,0,-12.006711146727866,-15.046043675610063,0,0.0,0.0,0.0,0.0,0.0,0.0,0.0
38,3,2,72,25.73026,0.033413,2.5755625523689973,9.951869038725627,0,-12.51604761669973,-15.017583316366345,0,0.0,0.0,0.0,0.0,0.0,0.0,0.0
38,3,2,73,25.763672,0.033412,2.907389113855024,9.935392661664855,0,-13.01810415132311,-14.98575322839959,0,0.0,0.0,0.0,0.0,0.0,0.0,0.0
38,3,2,74,25.797106000000003,0.033434,3.246680122871033,9.918421043143917,0,-13.527740907054467,-14.949941006778758,0,0.0,0.0,0.0,0.0,0.0,0.0,0.0
38,3,2,75,25.830546000000002,0.03344,3.577402093821392,9.901115182411878,0,-14.028834801419418,-14.910417754573682,0,0.0,0.0,0.0,0.0,0.0,0.0,0.0
38,3,2,76,25.863966,0.03342,3.909365977629781,9.8873261882315,0,-14.53106944511563,-14.873019434118406,0,0.0,0.0,0.0,0.0,0.0,0.0,0.0
38,3,2,77,25.897417,0.033451,4.24876691468312,9.879694540474391,0,-15.040902713400376,-14.841696685463967,0,0.0,0.0,0.0,0.0,0.0,0.0,0.0
38,3,2,78,25.930873000000002,0.033456,4.5796471265476475,9.871107636144233,0,-15.540745971225432,-14.805784482552804,0,0.0,0.0,0.0,0.0,0.0,0.0,0.0
38,3,2,79,25.964285,0.033412,4.9100936634511525,9.849084001696692,0,-16.0329129399728,-14.746672219924173,0,0.0,0.0,0.0,0.0,0.0,0.0,0.0
38,3,2,80,25.997704000000002,0.033419,5.2406163469620655,9.80128562244572,0,-16.532185117634047,-14.646038507212776,0,0.0,0.0,0.0,0.0,0.0,0.0,0.0
38,3,2,81,26.031126,0.033422,5.571160297772479,9.718292098063833,0,-17.022992802096837,-14.49013850001403,0,0.0,0.0,0.0,0.0,0.0,0.0,0.0
38,3,2,82,26.064553,0.033427,5.901755235335982,9.601414434348994,0,-17.51387619488116,-14.280892778325805,0,0.0,0.0,0.0,0.0,0.0,0.0,0.0
38,3,2,83,26.097993000000002,0.03344,6.232485559338181,9.462717746492865,0,-18.00496061490736,-14.035080934962409,0,0.0,0.0,0.0,0.0,0.0,0.0,0.0
38,3,2,84,26.131436,0.033443,6.56323720076451,9.314097487541018,0,-18.494477502325758,-13.775422751190872,0,0.0,0.0,0.0,0.0,0.0,0.0,0.0
38,3,2,85,26.164848000000003,0.033412,6.89207112678712,9.169298333994691,0,-18.97512716892676,-13.519916232106189,0,0.0,0.0,0.0,0.0,0.0,0.0,0.0
38,3,2,86,26.198259,0.033411,7.214127301550641,9.048858128453675,0,-19.455772195430303,-13.299209197600032,0,0.0,0.0,0.0,0.0,0.0,0.0,0.0
38,3,2,87,26.231676,0.033417,7.54298066033802,9.028766598943474,0,-19.93485032622243,-13.226451157351722,0,0.0,0.0,0.0,0.0,0.0,0.0,0.0
38,3,2,88,26.265109000000002,0.033433,7.8636152134936035,9.006921491769962,0,-20.405782327235155,-13.149597725980229,0,0.0,0.0,0.0,0.0,0.0,0.0,0.0
38,3,2,89,26.298531,0.033422,8.184150677410068,8.98072526904371,0,-20.87656879005432,-13.070128232766379,0,0.0,0.0,0.0,0.0,0.0,0.0,0.0
38,3,2,90,26.331972,0.033441,8.504860360578688,8.94949755328805,0,-21.345911254400676,-12.98839463090924,0,0.0,0.0,0.0,0.0,0.0,0.0,0.0
38,3,2,91,26.365425000000002,0.033453,8.827412491429003,8.914899631670563,0,-21.80882494368299,-12.903107870194203,0,0.0,0.0,0.0,0.0,0.0,0.0,0.0
38,3,2,92,26.398878000000003,0.033453,9.15827121604427,8.874890537349602,0,-22.281799707934965,-12.814958754094215,0,0.0,0.0,0.0,0.0,0.0,0.0,0.0
38,3,2,93,26.432332000000002,0.033454,9.48735384215621,8.830153949491729,0,-22.761273439020272,-12.722288128832604,0,0.0,0.0,0.0,0.0,0.0,0.0,0.0
38,3,2,94,26.465759000000002,0.033427,9.806135142850941,8.777374166745973,0,-23.226733594463802,-12.626851426594646,0,0.0,0.0,0.0,0.0,0.0,0.0,0.0
38,3,2,95,26.499176000000002,0.033417,10.109363013437878,8.720523592822639,0,-23.65834839268843,-12.5255701961623,0,0.0,0.0,0.0,0.0,0.0,0.0,0.0
38,3,2,96,26.53263,0.033454,10.372718424229737,8.654174279169919,0,-24.038342399073002,-12.421579172345032,0,0.0,0.0,0.0,0.0,0.0,0.0,0.0
38,3,2,97,26.566046,0.033416,10.597501803881299,8.579522309275095,0,-24.35771752978024,-12.312981676125004,0,0.0,0.0,0.0,0.0,0.0,0.0,0.0
38,3,2,98,26.599455000000003,0.033409,10.792164283913781,8.501846479645272,0,-24.624334547719783,-12.19369504595099,0,0.0,0.0,0.0,0.0,0.0,0.0,0.0
38,3,2,99,26.632858000000002,0.033403,10.962347699049376,8.416632568625843,0,-24.87460427529494,-12.065188406494142,0,0.0,0.0,0.0,0.0,0.0,0.0,0.0
38,3,2,100,26.666288,0.03343,11.134564082976794,8.321627620334905,0,-25.126972161353507,-11.92756908783824,0,0.0,0.0,0.0,0.0,0.0,0.0,0.0
