id,agent_type,type,sim_state,tick_count,sim_time,delta_time,x,x_vel,x_acc,y,y_vel,y_acc,s,s_vel,s_acc,d,d_vel,d_acc,yaw
-90,pedestrian,4,1,1,289.956333,0.0,11.710258096184752,-1.1399129463867155,-1.3814051246196684,4.561640808014804,1.0695950118075057,-3.0313106155527167,0.0,0.0,0.0,0.0,0.0,0.0,0.0
-90,pedestrian,4,1,2,289.99185,0.035517,11.670879825075657,-1.1813481332728553,-1.2430556065841938,4.594055431144312,0.9724386938852322,-2.9146895376682065,0.0,0.0,0.0,0.0,0.0,0.0,0.0
-90,pedestrian,4,1,3,290.025334,0.033484,11.630197102094593,-1.2204816894318962,-1.1740066847712243,4.6234187053307965,0.880898225594517,-2.7462140487214537,0.0,0.0,0.0,0.0,0.0,0.0,0.0
-90,pedestrian,4,1,4,290.058792,0.033458,11.588327706051198,-1.2560818813018513,-1.0680057560986504,4.649824437693459,0.7921719708798706,-2.661787641439393,0.0,0.0,0.0,0.0,0.0,0.0,0.0
-90,pedestrian,4,1,5,290.092204,0.033412,11.545382305426655,-1.2883620187362923,-0.968404123033233,4.673363536744784,0.706172971539757,-2.5799699802034084,0.0,0.0,0.0,0.0,0.0,0.0,0.0
-90,pedestrian,4,1,6,290.12566799999996,0.033464,11.501466410031115,-1.3174768618661783,-0.8734452938965805,4.694125071412141,0.6228460400206974,-2.499807945571786,0.0,0.0,0.0,0.0,0.0,0.0,0.0
-90,pedestrian,4,1,7,290.15915299999995,0.033485,11.456680150536222,-1.3435877848468072,-0.7833276894188681,4.712194046209501,0.5420692439208066,-2.4233038829967266,0.0,0.0,0.0,0.0,0.0,0.0,0.0
-90,pedestrian,4,1,8,290.19260999999995,0.033457,11.41111801513959,-1.3668640618989625,-0.6982883115646566,4.727652407385158,0.4637508352696795,-2.3495522595338127,0.0,0.0,0.0,0.0,0.0,0.0,0.0
-90,pedestrian,4,1,9,290.22606599999995,0.033456,11.36487038874869,-1.3874287917269919,-0.6169418948408826,4.740579793600911,0.3878215864725846,-2.277877463912846,0.0,0.0,0.0,0.0,0.0,0.0,0.0
-90,pedestrian,4,1,10,290.25953999999996,0.033474,11.318022933721581,-1.4054236508132611,-0.5398457725880793,4.751051744573834,0.31415852918771525,-2.2098917185460807,0.0,0.0,0.0,0.0,0.0,0.0,0.0
-90,pedestrian,4,1,11,290.29301899999996,0.033479,11.270657911195311,-1.4209506757881127,-0.4658107492455462,4.759141266916817,0.24268567028948146,-2.1441857669470137,0.0,0.0,0.0,0.0,0.0,0.0,0.0
-90,pedestrian,4,1,12,290.32649399999997,0.033475,11.222853640570618,-1.4341281187408124,-0.39532328858098786,4.764917158969793,0.17327676158927666,-2.082267261006144,0.0,0.0,0.0,0.0,0.0,0.0,0.0
-90,pedestrian,4,1,13,290.359968,0.033474,11.17468575902671,-1.4450364463172336,-0.3272498272926347,4.768444929124422,0.1058331046388651,-2.023309708512347,0.0,0.0,0.0,0.0,0.0,0.0,0.0
-90,pedestrian,4,1,14,290.393442,0.033474,11.126226741762853,-1.4537705179157245,-0.2620221479547269,4.769787250341995,0.040269636527176855,-1.9669040433506473,0.0,0.0,0.0,0.0,0.0,0.0,0.0
-90,pedestrian,4,1,15,290.42691599999995,0.033474,11.077547156070853,-1.4603875707599885,-0.1985115853279182,4.769002518716593,-0.02354194876208293,-1.9143475586777938,0.0,0.0,0.0,0.0,0.0,0.0,0.0
-90,pedestrian,4,1,16,290.46038999999996,0.033474,11.028715293669407,-1.464955872043371,-0.13704903850147546,4.766145630083495,-0.08570665899294139,-1.8649413069257539,0.0,0.0,0.0,0.0,0.0,0.0,0.0
-90,pedestrian,4,1,17,290.493864,0.033474,10.979798407300816,-1.4675065910577305,-0.07652157043078389,4.761268386817095,-0.14631729799198967,-1.8183191699714483,0.0,0.0,0.0,0.0,0.0,0.0,0.0
-90,pedestrian,4,1,18,290.527336,0.033472,10.930862482419826,-1.4680777464297055,-0.017134661159246202,4.7544182118316565,-0.20550524956316013,-1.775638547135114,0.0,0.0,0.0,0.0,0.0,0.0,0.0
-90,pedestrian,4,1,19,290.56080999999995,0.033474,10.881973544917265,-1.4666681250768023,0.04228864058709354,4.7456391976267165,-0.2633704261481929,-1.7359552975509829,0.0,0.0,0.0,0.0,0.0,0.0,0.0
-90,pedestrian,4,1,20,290.59428599999995,0.033476,10.833197601527322,-1.4632783016982747,0.10169470135582882,4.7349707612500955,-0.3200530912986313,-1.7004799545131517,0.0,0.0,0.0,0.0,0.0,0.0,0.0
-90,pedestrian,4,1,21,290.62776099999996,0.033475,10.784602103813175,-1.4578649314244458,0.16240110821486492,4.722448212747911,-0.37567645506554115,-1.6687009130072958,0.0,0.0,0.0,0.0,0.0,0.0,0.0
-90,pedestrian,4,1,22,290.661233,0.033472,10.736256245330013,-1.4503757544948184,0.22467530788882495,4.708103037910752,-0.4303552451147544,-1.640363701476399,0.0,0.0,0.0,0.0,0.0,0.0,0.0
-90,pedestrian,4,1,23,290.694708,0.033475,10.688232735502508,-1.440705294825158,0.29011379008981175,4.691961497393902,-0.4842462155054907,-1.6167291117220874,0.0,0.0,0.0,0.0,0.0,0.0,0.0
-90,pedestrian,4,1,24,290.728189,0.033481,10.640608847690341,-1.4287166343650177,0.35965981380420475,4.674045461445931,-0.5374810784391312,-1.5970458880092155,0.0,0.0,0.0,0.0,0.0,0.0,0.0
-90,pedestrian,4,1,25,290.761663,0.033474,10.593467918526084,-1.4142278749276984,0.43466278311957696,4.654370947235453,-0.5902354263143472,-1.5826304362564811,0.0,0.0,0.0,0.0,0.0,0.0,0.0
-90,pedestrian,4,1,26,290.79513799999995,0.033475,10.546902414421016,-1.3969651231520595,0.5178825532691662,4.632948411335717,-0.6426760769920745,-1.5732195203318182,0.0,0.0,0.0,0.0,0.0,0.0,0.0
-90,pedestrian,4,1,27,290.82863899999995,0.033501,10.503441277256286,-1.3038341149419221,2.793930246304119,4.612954044495964,-0.5998310051926029,1.285352153984149,0.0,0.0,0.0,0.0,0.0,0.0,0.0
-90,pedestrian,4,1,28,290.86211299999997,0.033474,10.46287754923587,-1.2169118406124606,2.6076682298838443,4.594292635445527,-0.5598422715130961,1.1996620103852058,0.0,0.0,0.0,0.0,0.0,0.0,0.0
-90,pedestrian,4,1,29,290.895579,0.033466,10.425018069750148,-1.13578438457163,2.433823681224921,4.576875320331786,-0.5225194534122231,1.1196845430261921,0.0,0.0,0.0,0.0,0.0,0.0,0.0
-90,pedestrian,4,1,30,290.92902,0.033441,10.389682555563475,-1.060065425600188,2.27156876914326,4.560619159558962,-0.4876848231847415,1.0450389068244461,0.0,0.0,0.0,0.0,0.0,0.0,0.0
-90,pedestrian,4,1,31,290.96251299999994,0.033493,10.35670274232258,-0.9893943972268422,2.120130851200376,4.545446742837658,-0.45517250163909206,0.9753696463694829,0.0,0.0,0.0,0.0,0.0,0.0,0.0
-90,pedestrian,4,1,32,290.99595899999997,0.033446,10.325921583297745,-0.9234347707450528,1.9787887944536846,4.531285820564442,-0.42482766819648593,0.9103450032781841,0.0,0.0,0.0,0.0,0.0,0.0,0.0
-90,pedestrian,4,1,33,291.02942299999995,0.033464,10.297192501541232,-0.8618724526953826,1.8468695414901055,4.518068959776107,-0.39650582365005355,0.8496553363929719,0.0,0.0,0.0,0.0,0.0,0.0,0.0
-90,pedestrian,4,1,34,291.06290199999995,0.033479,10.27037869190182,-0.8044142891823571,1.7237449053907652,4.505733223040328,-0.3700721020733833,0.7930116473001071,0.0,0.0,0.0,0.0,0.0,0.0,0.0
-90,pedestrian,4,1,35,291.09637699999996,0.033475,10.245352469571703,-0.7507866699035334,1.6088285783647143,4.4942198687536,-0.3454006286018244,0.7401442041467666,0.0,0.0,0.0,0.0,0.0,0.0,0.0
-90,pedestrian,4,1,36,291.12985199999997,0.033475,10.221994662063594,-0.7007342252432979,1.5015733398070668,4.483474071419321,-0.32237392002836945,0.6908012572036488,0.0,0.0,0.0,0.0,0.0,0.0,0.0
-90,pedestrian,4,1,37,291.163327,0.033475,10.20019404172269,-0.654018610227078,1.4014684504865957,4.473444660573994,-0.3008823253598115,0.6447478400567389,0.0,0.0,0.0,0.0,0.0,0.0,0.0
-90,pedestrian,4,1,38,291.196802,0.033475,10.179846796071182,-0.6104173695452728,1.308037220454156,4.464083877118356,-0.2808235036691574,0.601764650719623,0.0,0.0,0.0,0.0,0.0,0.0,0.0
-90,pedestrian,4,1,39,291.23027699999994,0.033475,10.160856033463107,-0.5697228782422546,1.2208347390905456,4.455347145893094,-0.2621019367578803,0.5616470073383149,0.0,0.0,0.0,0.0,0.0,0.0,0.0
-90,pedestrian,4,1,40,291.26375199999995,0.033475,10.14313132169557,-0.5317413530261044,1.1394457564845093,4.447192863416182,-0.24462847430735493,0.5242038735157606,0.0,0.0,0.0,0.0,0.0,0.0,0.0
-90,pedestrian,4,1,41,291.29722799999996,0.033476,10.126588257379202,-0.49629192949103074,1.0634827060522087,4.439582199771064,-0.22831990935353128,0.4892569486147098,0.0,0.0,0.0,0.0,0.0,0.0,0.0
-90,pedestrian,4,1,42,291.33070399999997,0.033476,10.111148064017259,-0.4632058008582953,0.9925838589820616,4.432478913702288,-0.21309858206329585,0.45663981870706255,0.0,0.0,0.0,0.0,0.0,0.0,0.0
-90,pedestrian,4,1,43,291.364179,0.033475,10.096737216879445,-0.43232541413440895,0.9264116017165906,4.425849180038096,-0.1988920099257428,0.4261971641265917,0.0,0.0,0.0,0.0,0.0,0.0,0.0
-90,pedestrian,4,1,44,291.397653,0.033474,10.083287092884152,-0.4035037198587817,0.8646508282688179,4.419661428618184,-0.18563254259735995,0.3977840198514856,0.0,0.0,0.0,0.0,0.0,0.0,0.0
-90,pedestrian,4,1,45,291.43112699999995,0.033474,10.070733643821878,-0.37660347186819626,0.8070074397175634,4.413886193959599,-0.17325703975753595,0.3712650851947199,0.0,0.0,0.0,0.0,0.0,0.0,0.0
-90,pedestrian,4,1,46,291.46462399999996,0.033497,10.059017091363756,-0.35149657374364984,0.7532069437363925,4.408495974944921,-0.1617065704403669,0.3465140795150719,0.0,0.0,0.0,0.0,0.0,0.0,0.0
-90,pedestrian,4,1,47,291.49806099999995,0.033437,10.048081642402844,-0.3280634688274065,0.7029931474872997,4.403465103864554,-0.1509261324110091,0.3234131408807338,0.0,0.0,0.0,0.0,0.0,0.0,0.0
-90,pedestrian,4,1,48,291.53153399999997,0.033473,10.037875223372657,-0.3061925709055794,0.656126937654813,4.398769624189545,-0.14086439025027517,0.3018522648220182,0.0,0.0,0.0,0.0,0.0,0.0,0.0
-90,pedestrian,4,1,49,291.565006,0.033472,10.028349232277817,-0.2857797328452074,0.6123851418111588,4.39438717649287,-0.13147343090025682,0.28172878050055034,0.0,0.0,0.0,0.0,0.0,0.0,0.0
-90,pedestrian,4,1,50,291.59851299999997,0.033507,10.019458307255967,-0.2667277506555269,0.5715594656904148,4.390296891975973,-0.12270853550690636,0.26294686180051363,0.0,0.0,0.0,0.0,0.0,0.0,0.0
-90,pedestrian,4,1,51,291.631986,0.033473,10.011160110568905,-0.2489459006118251,0.5334555013110538,4.386479293093537,-0.1145279664731126,0.24541707101381272,0.0,0.0,0.0,0.0,0.0,0.0,0.0
-90,pedestrian,4,1,52,291.665459,0.033473,10.003415126994316,-0.23234950723770342,0.4978918012236502,4.382916200803262,-0.10689276870823843,0.2290559329462252,0.0,0.0,0.0,0.0,0.0,0.0,0.0
-90,pedestrian,4,1,53,291.69893199999996,0.033473,9.996186475658032,-0.2168595400885232,0.46469901447540685,4.379590647999006,-0.0997665841276892,0.21378553741647685,0.0,0.0,0.0,0.0,0.0,0.0,0.0
-90,pedestrian,4,1,54,291.73240499999997,0.033473,9.989439734410833,-0.202402237415955,0.4337190801770464,4.3764867987150335,-0.09311547851917659,0.1995331682553784,0.0,0.0,0.0,0.0,0.0,0.0,0.0
-90,pedestrian,4,1,55,291.765878,0.033473,9.983142775913448,-0.188908754921558,0.40480447483191,4.373589872716659,-0.08690777995123149,0.18623095703835318,0.0,0.0,0.0,0.0,0.0,0.0,0.0
-90,pedestrian,4,1,56,291.799353,0.033475,9.977265614649221,-0.17631483792678748,0.377817509843116,4.370886075118176,-0.08111392795448272,0.17381555990246297,0.0,0.0,0.0,0.0,0.0,0.0,0.0
-90,pedestrian,4,1,57,291.83282599999995,0.033473,9.971780264135944,-0.164560515398335,0.35262967585357496,4.3683625306929255,-0.0757063327575172,0.16222785590896543,0.0,0.0,0.0,0.0,0.0,0.0,0.0
-90,pedestrian,4,1,58,291.86629999999997,0.033474,9.966660603656885,-0.15358981437177932,0.32912103079667,4.366007222562692,-0.07065924390701606,0.1514126655150344,0.0,0.0,0.0,0.0,0.0,0.0,0.0
-90,pedestrian,4,1,59,291.89978499999995,0.033485,9.96188225387643,-0.1433504934136607,0.30717962874355864,4.3638089349744735,-0.06594862764654832,0.1413184878140321,0.0,0.0,0.0,0.0,0.0,0.0,0.0
-90,pedestrian,4,1,60,291.93325799999997,0.033473,9.957422460748004,-0.13379379385275,0.2867009868273214,4.3617571998921365,-0.06155205247011177,0.13189725529309665,0.0,0.0,0.0,0.0,0.0,0.0,0.0
-90,pedestrian,4,1,61,291.966731,0.033473,9.953259987161474,-0.12487420759590001,0.2675875877055,4.359842247148622,-0.05744858230543765,0.12310410494022354,0.0,0.0,0.0,0.0,0.0,0.0,0.0
-90,pedestrian,4,1,62,292.000205,0.033474,9.949375011814045,-0.11654926042284001,0.24974841519180002,4.3580549579213415,-0.05361867681840848,0.1148971646108753,0.0,0.0,0.0,0.0,0.0,0.0,0.0
-90,pedestrian,4,1,63,292.03367799999995,0.033473,9.945749034823113,-0.10877930972798401,0.23309852084568003,4.356386821309213,-0.05004409836384791,0.10723735363681695,0.0,0.0,0.0,0.0,0.0,0.0,0.0
-90,pedestrian,4,1,64,292.06715199999996,0.033474,9.942364789631576,-0.10152735574611842,0.21755861945596802,4.35482989380456,-0.04670782513959139,0.10008819672769582,0.0,0.0,0.0,0.0,0.0,0.0,0.0
-90,pedestrian,4,1,65,292.100626,0.033474,9.93920616078614,-0.09475886536304386,0.20305471149223683,4.353376761466883,-0.0435939701302853,0.09341565027918278,0.0,0.0,0.0,0.0,0.0,0.0,0.0
-90,pedestrian,4,1,66,292.134104,0.033478,9.936258107197068,-0.08844160767217427,0.1895177307260877,4.352020504618386,-0.04068770545493294,0.0871879402605706,0.0,0.0,0.0,0.0,0.0,0.0,0.0
-90,pedestrian,4,1,67,292.16758899999996,0.033485,9.933506590513934,-0.08254550049402931,0.17688321534434853,4.350754664893121,-0.03797519175793741,0.08137541090986589,0.0,0.0,0.0,0.0,0.0,0.0,0.0
-90,pedestrian,4,1,68,292.20106999999996,0.033481,9.930938508276341,-0.0770424671277607,0.16509100098805862,4.3495732144828745,-0.035443512307408255,0.07595038351587483,0.0,0.0,0.0,0.0,0.0,0.0,0.0
-90,pedestrian,4,1,69,292.23454399999997,0.033474,9.928541631521256,-0.07190630265257665,0.1540849342555214,4.348470527433311,-0.03308061148691437,0.07088702461481651,0.0,0.0,0.0,0.0,0.0,0.0,0.0
-90,pedestrian,4,1,70,292.268019,0.033475,9.926304546549842,-0.06711254914240487,0.1438126053051533,4.347441352853719,-0.030875237387786747,0.06616122297382875,0.0,0.0,0.0,0.0,0.0,0.0,0.0
-90,pedestrian,4,1,71,292.301491,0.033472,9.924216600576523,-0.06263837919957788,0.13422509828480975,4.346480789912765,-0.028816888228600963,0.061750474775573494,0.0,0.0,0.0,0.0,0.0,0.0,0.0
-90,pedestrian,4,1,72,292.33496799999995,0.033477,9.922267851001425,-0.05846248725293935,0.12527675839915575,4.345584264501209,-0.026895762346694232,0.05763377645720193,0.0,0.0,0.0,0.0,0.0,0.0,0.0
-90,pedestrian,4,1,73,292.36844799999994,0.03348,9.920449018064668,-0.05456498810274339,0.1169249745058787,4.344747507450423,-0.025102711523581282,0.053791524693388465,0.0,0.0,0.0,0.0,0.0,0.0,0.0
-90,pedestrian,4,1,74,292.401932,0.033484,9.918751440657026,-0.05092732222922717,0.10912997620548678,4.343966534203022,-0.023429197422009197,0.050205423047162565,0.0,0.0,0.0,0.0,0.0,0.0,0.0
-90,pedestrian,4,1,75,292.435407,0.033475,9.917167035076561,-0.04753216741394536,0.10185464445845434,4.343237625838782,-0.021867250927208585,0.046858394844018394,0.0,0.0,0.0,0.0,0.0,0.0,0.0
-90,pedestrian,4,1,76,292.46888099999995,0.033474,9.915688256534795,-0.04436335625301567,0.09506433482789071,4.342557311365491,-0.020409434198728014,0.04373450185441717,0.0,0.0,0.0,0.0,0.0,0.0,0.0
-90,pedestrian,4,1,77,292.50235599999996,0.033475,9.914308063229145,-0.04140579916948129,0.08872671250603134,4.341922351190419,-0.019048805252146146,0.04081886839745603,0.0,0.0,0.0,0.0,0.0,0.0,0.0
-90,pedestrian,4,1,78,292.53583299999997,0.033477,9.913019882810538,-0.03864541255818254,0.08281159833896258,4.341329721693686,-0.01777888490200307,0.03809761050429229,0.0,0.0,0.0,0.0,0.0,0.0,0.0
-90,pedestrian,4,1,79,292.569309,0.033476,9.911817581086506,-0.03606905172097037,0.07729082511636508,4.340776600830068,-0.0165936259085362,0.03555776980400614,0.0,0.0,0.0,0.0,0.0,0.0,0.0
-90,pedestrian,4,1,80,292.602783,0.033474,9.910695432810742,-0.033664448272905684,0.07213810344194074,4.340260354690692,-0.015487384181300452,0.0331872518170724,0.0,0.0,0.0,0.0,0.0,0.0,0.0
-90,pedestrian,4,1,81,292.636258,0.033475,9.90964809442003,-0.03142015172137864,0.06732889654581137,4.3397785249606065,-0.014454891902547088,0.030974768362600904,0.0,0.0,0.0,0.0,0.0,0.0,0.0
-90,pedestrian,4,1,82,292.669741,0.033483,9.908670578588698,-0.029325474939953397,0.06284030344275728,4.339328817212527,-0.013491232442377283,0.028909783805094177,0.0,0.0,0.0,0.0,0.0,0.0,0.0
-90,pedestrian,4,1,83,292.703216,0.033475,9.907758230479455,-0.027370443277289838,0.058650949879906794,4.338909089980986,-0.012591816946218798,0.026982464884754566,0.0,0.0,0.0,0.0,0.0,0.0,0.0
-90,pedestrian,4,1,84,292.73669199999995,0.033476,9.906906705577494,-0.025545747058803848,0.054740886554579676,4.338517344564882,-0.011752362483137544,0.025183633892437596,0.0,0.0,0.0,0.0,0.0,0.0,0.0
-90,pedestrian,4,1,85,292.77017199999995,0.03348,9.906111949002332,-0.023842697254883593,0.051091494117607696,4.338151715509851,-0.010968871650928375,0.02350472496627509,0.0,0.0,0.0,0.0,0.0,0.0,0.0
-90,pedestrian,4,1,86,292.80364699999996,0.033475,9.905370176198847,-0.02225318410455802,0.047685394509767186,4.337810461725156,-0.010237613540866483,0.02193774330185675,0.0,0.0,0.0,0.0,0.0,0.0,0.0
-90,pedestrian,4,1,87,292.83712099999997,0.033474,9.904677854915594,-0.020769638497587485,0.04450636820911604,4.337491958192773,-0.009555105971475384,0.020475227081732966,0.0,0.0,0.0,0.0,0.0,0.0,0.0
-90,pedestrian,4,1,88,292.870596,0.033475,9.904031688384558,-0.01938499593108165,0.04153927699517497,4.337194688229216,-0.008918098906710359,0.019110211942950768,0.0,0.0,0.0,0.0,0.0,0.0,0.0
-90,pedestrian,4,1,89,292.904072,0.033476,9.903428599622258,-0.01809266286900954,0.0387699918621633,4.336917236263229,-0.008323558979596335,0.017836197813420718,0.0,0.0,0.0,0.0,0.0,0.0,0.0
