id,agent_type,type,sim_state,tick_count,sim_time,delta_time,x,x_vel,x_acc,y,y_vel,y_acc,s,s_vel,s_acc,d,d_vel,d_acc,yaw
39,pedestrian,1,2,1,287.7875,0.0,-8.66174480644986,-0.8432644351311737,0,-2.4540123594924808,0.8775701212732487,0,0.0,0.0,0.0,0.0,0.0,0.0,14.902632251352712
39,pedestrian,1,2,2,287.82230100000004,0.034801,-8.62002569054686,-0.8432644351311737,0,-2.443582580868813,0.8775701212732487,0,0.0,0.0,0.0,0.0,0.0,0.0,14.902632251352712
39,pedestrian,1,2,3,287.85575300000005,0.033452,-8.57992264586064,-0.8432644351311737,0,-2.4335568191136705,0.8775701212732487,0,0.0,0.0,0.0,0.0,0.0,0.0,14.902632251352712
39,pedestrian,1,2,4,287.889252,0.033499,-8.540259506338586,-0.8432644351311737,0,-2.423517259247622,0.8775701212732487,0,0.0,0.0,0.0,0.0,0.0,0.0,14.902632251352712
39,pedestrian,1,2,5,287.92273700000004,0.033485,-8.509622884969184,-0.8432644351311737,0,-2.4134818784556877,0.8775701212732487,0,0.0,0.0,0.0,0.0,0.0,0.0,14.902632251352712
39,pedestrian,1,2,6,287.95621800000004,0.033481,-8.469485087720091,-0.8432644351311737,0,-2.403447430164857,0.8775701212732487,0,0.0,0.0,0.0,0.0,0.0,0.0,14.902632251352712
39,pedestrian,1,2,7,287.989667,0.033449,-8.42938678801,-0.8432644351311737,0,-2.3934228534524467,0.8775701212732487,0,0.0,0.0,0.0,0.0,0.0,0.0,14.902632251352712
39,pedestrian,1,2,8,288.02313200000003,0.033465,-8.389269231574454,-0.8432644351311737,0,-2.3833934646773005,0.8775701212732487,0,0.0,0.0,0.0,0.0,0.0,0.0,14.902632251352712
39,pedestrian,1,2,9,288.05660400000005,0.033472,-8.349142234312867,-0.8432644351311737,0,-2.373361713969607,0.8775701212732487,0,0.0,0.0,0.0,0.0,0.0,0.0,14.902632251352712
39,pedestrian,1,2,10,288.090078,0.033474,-8.309013964107532,-0.8432644351311737,0,-2.36332964913074,0.8775701212732487,0,0.0,0.0,0.0,0.0,0.0,0.0,14.902632251352712
39,pedestrian,1,2,11,288.123551,0.033473,-8.268886806149835,-0.8432644351311737,0,-2.3532978591594502,0.8775701212732487,0,0.0,0.0,0.0,0.0,0.0,0.0,14.902632251352712
39,pedestrian,1,2,12,288.15702300000004,0.033472,-8.228759820622708,-0.8432644351311737,0,-2.343266112882632,0.8775701212732487,0,0.0,0.0,0.0,0.0,0.0,0.0,14.902632251352712
39,pedestrian,1,2,13,288.190465,0.033442,-8.188669911133138,-0.8432644351311737,0,-2.3332436356655424,0.8775701212732487,0,0.0,0.0,0.0,0.0,0.0,0.0,14.902632251352712
39,pedestrian,1,2,14,288.22393700000003,0.033472,-8.148543943031967,-0.8432644351311737,0,-2.3232121419709464,0.8775701212732487,0,0.0,0.0,0.0,0.0,0.0,0.0,14.902632251352712
39,pedestrian,1,2,15,288.25741000000005,0.033473,-8.108415768252847,-0.8432644351311737,0,-2.313180098643225,0.8775701212732487,0,0.0,0.0,0.0,0.0,0.0,0.0,14.902632251352712
39,pedestrian,1,2,16,288.290883,0.033473,-8.068288696451171,-0.8432644351311737,0,-2.3031483318068706,0.8775701212732487,0,0.0,0.0,0.0,0.0,0.0,0.0,14.902632251352712
39,pedestrian,1,2,17,288.324356,0.033473,-8.029057339419438,-0.8432644351311737,0,-2.293116537185711,0.8775701212732487,0,0.0,0.0,0.0,0.0,0.0,0.0,14.902632251352712
39,pedestrian,1,2,18,288.35782900000004,0.033473,-7.99803335394519,-0.8432644351311737,0,-2.283084495711468,0.8775701212732487,0,0.0,0.0,0.0,0.0,0.0,0.0,14.902632251352712
39,pedestrian,1,2,19,288.391302,0.033473,-7.957906283439403,-0.8432644351311737,0,-2.2730527272657652,0.8775701212732487,0,0.0,0.0,0.0,0.0,0.0,0.0,14.902632251352712
39,pedestrian,1,2,20,288.424775,0.033473,-7.917779092202479,-0.8432644351311737,0,-2.263020930520022,0.8775701212732487,0,0.0,0.0,0.0,0.0,0.0,0.0,14.902632251352712
39,pedestrian,1,2,21,288.458249,0.033474,-7.87764974215221,-0.8432644351311737,0,-2.251964825591986,0.8775701212732487,0,0.0,0.0,0.0,0.0,0.0,0.0,14.902632251352712
39,pedestrian,1,2,22,288.49172100000004,0.033472,-7.8375238689021325,-0.8432644351311737,0,-2.2329571245337836,0.8775701212732487,0,0.0,0.0,0.0,0.0,0.0,0.0,14.902632251352712
39,pedestrian,1,2,23,288.525195,0.033474,-7.797395468542371,-0.8432644351311737,0,-2.2229250237261535,0.8775701212732487,0,0.0,0.0,0.0,0.0,0.0,0.0,14.902632251352712
39,pedestrian,1,2,24,288.558673,0.033478,-7.75726133331981,-0.8432644351311737,0,-2.2128914904392984,0.8775701212732487,0,0.0,0.0,0.0,0.0,0.0,0.0,14.902632251352712
39,pedestrian,1,2,25,288.592146,0.033473,-7.717134262451727,-0.8432644351311737,0,-2.202859722749115,0.8775701212732487,0,0.0,0.0,0.0,0.0,0.0,0.0,14.902632251352712
39,pedestrian,1,2,26,288.62561900000003,0.033473,-7.6770070487674085,-0.8432644351311737,0,-2.1928279195616063,0.8775701212732487,0,0.0,0.0,0.0,0.0,0.0,0.0,14.902632251352712
39,pedestrian,1,2,27,288.65909200000004,0.033473,-7.636878920300795,-0.8432644351311737,0,-2.1827958876714484,0.8775701212732487,0,0.0,0.0,0.0,0.0,0.0,0.0,14.902632251352712
39,pedestrian,1,2,28,288.692564,0.033472,-7.596753047497879,-0.8432644351311737,0,-2.1727644195623563,0.8775701212732487,0,0.0,0.0,0.0,0.0,0.0,0.0,14.902632251352712
39,pedestrian,1,2,29,288.726038,0.033474,-7.5566246228946525,-0.8432644351311737,0,-2.1627323131163694,0.8775701212732487,0,0.0,0.0,0.0,0.0,0.0,0.0,14.902632251352712
39,pedestrian,1,2,30,288.75951100000003,0.033473,-7.517808580925292,-0.8432644351311737,0,-2.152700284781419,0.8775701212732487,0,0.0,0.0,0.0,0.0,0.0,0.0,14.902632251352712
39,pedestrian,1,2,31,288.79298500000004,0.033474,-7.486368235435154,-0.8432644351311737,0,-2.1426682164596276,0.8775701212732487,0,0.0,0.0,0.0,0.0,0.0,0.0,14.902632251352712
39,pedestrian,1,2,32,288.826457,0.033472,-7.446242198318457,-0.8432644351311737,0,-2.132636706432705,0.8775701212732487,0,0.0,0.0,0.0,0.0,0.0,0.0,14.902632251352712
39,pedestrian,1,2,33,288.859931,0.033474,-7.406112894362371,-0.8432644351311737,0,-2.1226043805758392,0.8775701212732487,0,0.0,0.0,0.0,0.0,0.0,0.0,14.902632251352712
39,pedestrian,1,2,34,288.89340400000003,0.033473,-7.36598582160115,-0.8432644351311737,0,-2.1125726127515683,0.8775701212732487,0,0.0,0.0,0.0,0.0,0.0,0.0,14.902632251352712
39,pedestrian,1,2,35,288.926886,0.033482,-7.325847784868252,-0.8432644351311737,0,-2.1025381028054335,0.8775701212732487,0,0.0,0.0,0.0,0.0,0.0,0.0,14.902632251352712
39,pedestrian,1,2,36,288.96035900000004,0.033473,-7.2857196911161415,-0.8432644351311737,0,-2.0925060797412653,0.8775701212732487,0,0.0,0.0,0.0,0.0,0.0,0.0,14.902632251352712
39,pedestrian,1,2,37,288.99383800000004,0.033479,-7.245585426703725,-0.8432644351311737,0,-2.082472514658331,0.8775701212732487,0,0.0,0.0,0.0,0.0,0.0,0.0,14.902632251352712
39,pedestrian,1,2,38,289.027324,0.033486,-7.205442582026401,-0.8432644351311737,0,-2.0724368035375482,0.8775701212732487,0,0.0,0.0,0.0,0.0,0.0,0.0,14.902632251352712
39,pedestrian,1,2,39,289.060803,0.033479,-7.1653073080332135,-0.8432644351311737,0,-2.06240298455056,0.8775701212732487,0,0.0,0.0,0.0,0.0,0.0,0.0,14.902632251352712
39,pedestrian,1,2,40,289.094287,0.033484,-7.125167049854086,-0.8432644351311737,0,-2.0523679206652323,0.8775701212732487,0,0.0,0.0,0.0,0.0,0.0,0.0,14.902632251352712
39,pedestrian,1,2,41,289.12777200000005,0.033485,-7.085025390725155,-0.8432644351311737,0,-2.0423325048627934,0.8775701212732487,0,0.0,0.0,0.0,0.0,0.0,0.0,14.902632251352712
39,pedestrian,1,2,42,289.161246,0.033474,-7.04489612248605,-0.8432644351311737,0,-2.03230018857875,0.8775701212732487,0,0.0,0.0,0.0,0.0,0.0,0.0,14.902632251352712
39,pedestrian,1,2,43,289.194722,0.033476,-7.006510292773668,-0.8432644351311737,0,-2.0222675204154434,0.8775701212732487,0,0.0,0.0,0.0,0.0,0.0,0.0,14.902632251352712
39,pedestrian,1,2,44,289.228195,0.033473,-6.9746381702169495,-0.8432644351311737,0,-2.010459041248027,0.8775701212732487,0,0.0,0.0,0.0,0.0,0.0,0.0,14.902632251352712
39,pedestrian,1,2,45,289.26166700000005,0.033472,-6.934511311580564,-0.8432644351311737,0,-1.9922039854329283,0.8775701212732487,0,0.0,0.0,0.0,0.0,0.0,0.0,14.902632251352712
39,pedestrian,1,2,46,289.29514,0.033473,-6.894384239811674,-0.8432644351311737,0,-1.9821722187544413,0.8775701212732487,0,0.0,0.0,0.0,0.0,0.0,0.0,14.902632251352712
39,pedestrian,1,2,47,289.328614,0.033474,-6.85425574502089,-0.8432644351311737,0,-1.9721400929758393,0.8775701212732487,0,0.0,0.0,0.0,0.0,0.0,0.0,14.902632251352712
39,pedestrian,1,2,48,289.362088,0.033474,-6.814126500448317,-0.8432644351311737,0,-1.9621077820023403,0.8775701212732487,0,0.0,0.0,0.0,0.0,0.0,0.0,14.902632251352712
39,pedestrian,1,2,49,289.39556200000004,0.033474,-6.773998230336991,-0.8432644351311737,0,-1.9520757147952221,0.8775701212732487,0,0.0,0.0,0.0,0.0,0.0,0.0,14.902632251352712
39,pedestrian,1,2,50,289.42904500000003,0.033483,-6.733858934673035,-0.8432644351311737,0,-1.9420408914314375,0.8775701212732487,0,0.0,0.0,0.0,0.0,0.0,0.0,14.902632251352712
39,pedestrian,1,2,51,289.46251800000005,0.033473,-6.693730899965635,-0.8432644351311737,0,-1.9320088818194752,0.8775701212732487,0,0.0,0.0,0.0,0.0,0.0,0.0,14.902632251352712
39,pedestrian,1,2,52,289.495991,0.033473,-6.653603827827239,-0.8432644351311737,0,-1.9219771148740425,0.8775701212732487,0,0.0,0.0,0.0,0.0,0.0,0.0,14.902632251352712
39,pedestrian,1,2,53,289.52947600000005,0.033485,-6.613462122081242,-0.8432644351311737,0,-1.9119416885659732,0.8775701212732487,0,0.0,0.0,0.0,0.0,0.0,0.0,14.902632251352712
39,pedestrian,1,2,54,289.56295800000004,0.033482,-6.573323310667451,-0.8432644351311737,0,-1.9019069854178514,0.8775701212732487,0,0.0,0.0,0.0,0.0,0.0,0.0,14.902632251352712
39,pedestrian,1,2,55,289.59643800000003,0.03348,-6.533187848275038,-0.8432644351311737,0,-1.8918731203825918,0.8775701212732487,0,0.0,0.0,0.0,0.0,0.0,0.0,14.902632251352712
39,pedestrian,1,2,56,289.62991100000005,0.033473,-6.493060516339482,-0.8432644351311737,0,-1.8818412870960626,0.8775701212732487,0,0.0,0.0,0.0,0.0,0.0,0.0,14.902632251352712
39,pedestrian,1,2,57,289.663409,0.033498,-6.4551131038364735,-0.8432644351311737,0,-1.8718017926599508,0.8775701212732487,0,0.0,0.0,0.0,0.0,0.0,0.0,14.902632251352712
39,pedestrian,1,2,58,289.69687400000004,0.033465,-6.422785055304382,-0.8432644351311737,0,-1.8617724210972582,0.8775701212732487,0,0.0,0.0,0.0,0.0,0.0,0.0,14.902632251352712
39,pedestrian,1,2,59,289.730359,0.033485,-6.382643325720277,-0.8432644351311737,0,-1.8517369888472668,0.8775701212732487,0,0.0,0.0,0.0,0.0,0.0,0.0,14.902632251352712
39,pedestrian,1,2,60,289.763822,0.033463,-6.342527316032884,-0.8432644351311737,0,-1.8417079866250126,0.8775701212732487,0,0.0,0.0,0.0,0.0,0.0,0.0,14.902632251352712
39,pedestrian,1,2,61,289.797273,0.033451,-6.302426617144374,-0.8432644351311737,0,-1.8316828122754074,0.8775701212732487,0,0.0,0.0,0.0,0.0,0.0,0.0,14.902632251352712
39,pedestrian,1,2,62,289.83074600000003,0.033473,-6.262299262204216,-0.8432644351311737,0,-1.8216509733752855,0.8775701212732487,0,0.0,0.0,0.0,0.0,0.0,0.0,14.902632251352712
39,pedestrian,1,2,63,289.864231,0.033485,-6.2221568898684785,-0.8432644351311737,0,-1.811615379190753,0.8775701212732487,0,0.0,0.0,0.0,0.0,0.0,0.0,14.902632251352712
39,pedestrian,1,2,64,289.89770500000003,0.033474,-6.182028619090446,-0.8432644351311737,0,-1.8015833122851388,0.8775701212732487,0,0.0,0.0,0.0,0.0,0.0,0.0,14.902632251352712
39,pedestrian,1,2,65,289.93119,0.033485,-6.141886866396893,-0.8432644351311737,0,-1.7915478738918638,0.8775701212732487,0,0.0,0.0,0.0,0.0,0.0,0.0,14.902632251352712
39,pedestrian,1,2,66,289.964675,0.033485,-6.1017445059981705,-0.8432644351311737,0,-1.7790122098300876,0.8775701212732487,0,0.0,0.0,0.0,0.0,0.0,0.0,14.902632251352712
39,pedestrian,1,2,67,289.99816400000003,0.033489,-6.0615982537886,-0.8432644351311737,0,-1.761475722075094,0.8775701212732487,0,0.0,0.0,0.0,0.0,0.0,0.0,14.902632251352712
39,pedestrian,1,2,68,290.031645,0.033481,-6.021461282980135,-0.8432644351311737,0,-1.751441479518497,0.8775701212732487,0,0.0,0.0,0.0,0.0,0.0,0.0,14.902632251352712
39,pedestrian,1,2,69,290.065125,0.03348,-5.981324929576826,-0.8432644351311737,0,-1.741407390849238,0.8775701212732487,0,0.0,0.0,0.0,0.0,0.0,0.0,14.902632251352712
39,pedestrian,1,2,70,290.09860100000003,0.033476,-5.943831897689056,-0.8432644351311737,0,-1.7313747240189281,0.8775701212732487,0,0.0,0.0,0.0,0.0,0.0,0.0,14.902632251352712
39,pedestrian,1,2,71,290.132084,0.033483,-5.911054881247891,-0.8432644351311737,0,-1.7213398774541024,0.8775701212732487,0,0.0,0.0,0.0,0.0,0.0,0.0,14.902632251352712
39,pedestrian,1,2,72,290.16555800000003,0.033474,-5.870925733080805,-0.8432644351311737,0,-1.711307591145283,0.8775701212732487,0,0.0,0.0,0.0,0.0,0.0,0.0,14.902632251352712
39,pedestrian,1,2,73,290.19903100000005,0.033473,-5.830798661948424,-0.8432644351311737,0,-1.7012758237099588,0.8775701212732487,0,0.0,0.0,0.0,0.0,0.0,0.0,14.902632251352712
39,pedestrian,1,2,74,290.23247000000003,0.033439,-5.7907120183207095,-0.8432644351311737,0,-1.6912541629713636,0.8775701212732487,0,0.0,0.0,0.0,0.0,0.0,0.0,14.902632251352712
39,pedestrian,1,2,75,290.26594500000004,0.033475,-5.750581680823403,-0.8432644351311737,0,-1.6812215770882781,0.8775701212732487,0,0.0,0.0,0.0,0.0,0.0,0.0,14.902632251352712
39,pedestrian,1,2,76,290.29942900000003,0.033484,-5.710441422150881,-0.8432644351311737,0,-1.6711865131360466,0.8775701212732487,0,0.0,0.0,0.0,0.0,0.0,0.0,14.902632251352712
39,pedestrian,1,2,77,290.33290700000003,0.033478,-5.670308013399948,-0.8432644351311737,0,-1.661153160601835,0.8775701212732487,0,0.0,0.0,0.0,0.0,0.0,0.0,14.902632251352712
39,pedestrian,1,2,78,290.366375,0.033468,-5.630186080381533,-0.8432644351311737,0,-1.6511226768520073,0.8775701212732487,0,0.0,0.0,0.0,0.0,0.0,0.0,14.902632251352712
39,pedestrian,1,2,79,290.39986100000004,0.033486,-5.590043423983372,-0.8432644351311737,0,-1.6410870120449728,0.8775701212732487,0,0.0,0.0,0.0,0.0,0.0,0.0,14.902632251352712
39,pedestrian,1,2,80,290.433331,0.03347,-5.549919594449466,-0.8432644351311737,0,-1.6310560555059823,0.8775701212732487,0,0.0,0.0,0.0,0.0,0.0,0.0,14.902632251352712
39,pedestrian,1,2,81,290.466816,0.033485,-5.509777292773954,-0.8432644351311737,0,-1.6210204806291582,0.8775701212732487,0,0.0,0.0,0.0,0.0,0.0,0.0,14.902632251352712
39,pedestrian,1,2,82,290.50029,0.033474,-5.469649022673618,-0.8432644351311737,0,-1.6109884138943582,0.8775701212732487,0,0.0,0.0,0.0,0.0,0.0,0.0,14.902632251352712
39,pedestrian,1,2,83,290.53377,0.03348,-5.432571096032322,-0.8432644351311737,0,-1.6009544563937625,0.8775701212732487,0,0.0,0.0,0.0,0.0,0.0,0.0,14.902632251352712
39,pedestrian,1,2,84,290.567244,0.033474,-5.39938409037596,-0.8432644351311737,0,-1.590922180019188,0.8775701212732487,0,0.0,0.0,0.0,0.0,0.0,0.0,14.902632251352712
39,pedestrian,1,2,85,290.60071600000003,0.033472,-5.359258217389723,-0.8432644351311737,0,-1.5808907119642273,0.8775701212732487,0,0.0,0.0,0.0,0.0,0.0,0.0,14.902632251352712
39,pedestrian,1,2,86,290.6342,0.033484,-5.319117580615485,-0.8432644351311737,0,-1.5708555536883215,0.8775701212732487,0,0.0,0.0,0.0,0.0,0.0,0.0,14.902632251352712
39,pedestrian,1,2,87,290.66767400000003,0.033474,-5.278988489930483,-0.8432644351311737,0,-1.5608232796405237,0.8775701212732487,0,0.0,0.0,0.0,0.0,0.0,0.0,14.902632251352712
39,pedestrian,1,2,88,290.70114700000005,0.033473,-5.2388614181315765,-0.8432644351311737,0,-1.5507915113160233,0.8775701212732487,0,0.0,0.0,0.0,0.0,0.0,0.0,14.902632251352712
39,pedestrian,1,2,89,290.734621,0.033474,-5.19873275746822,-0.8432644351311737,0,-1.537506335067106,0.8775701212732487,0,0.0,0.0,0.0,0.0,0.0,0.0,14.902632251352712
39,pedestrian,1,2,90,290.768101,0.03348,-5.158596485942589,-0.8432644351311737,0,-1.520725279827751,0.8775701212732487,0,0.0,0.0,0.0,0.0,0.0,0.0,14.902632251352712
