id,agent_type,type,sim_state,tick_count,sim_time,delta_time,x,x_vel,x_acc,y,y_vel,y_acc,s,s_vel,s_acc,d,d_vel,d_acc,yaw
118,pedestrian,1,2,1,106.239467,0.0,-34.48953589820303,-2.3219413844587873,0,-28.357716632075608,-0.503424492335532,0,0.0,0.0,0.0,0.0,0.0,0.0,0.0
118,pedestrian,1,2,2,106.272908,0.033441,-34.56971571770729,-2.3215950341081615,0,-28.37776158715265,-0.5055429474776284,0,0.0,0.0,0.0,0.0,0.0,0.0,0.0
118,pedestrian,1,2,3,106.30634400000001,0.033436,-34.64983799358475,-2.3211962655595015,0,-28.397802944011698,-0.5078918863416606,0,0.0,0.0,0.0,0.0,0.0,0.0,0.0
118,pedestrian,1,2,4,106.33976700000001,0.033423,-34.72001542858907,-2.3208459921250006,0,-28.417776573847796,-0.5100081145086515,0,0.0,0.0,0.0,0.0,0.0,0.0,0.0
118,pedestrian,1,2,5,106.373194,0.033427,-34.800161665655395,-2.320466322297858,0,-28.42787307343968,-0.5121202930658146,0,0.0,0.0,0.0,0.0,0.0,0.0,0.0
118,pedestrian,1,2,6,106.406628,0.033434,-34.880322303957094,-2.3200342759913526,0,-28.44791323337306,-0.5144586182037957,0,0.0,0.0,0.0,0.0,0.0,0.0,0.0
118,pedestrian,1,2,7,106.44006800000001,0.03344,-34.9603771747624,-2.3196747854798994,0,-28.4679569977573,-0.5163334254401379,0,0.0,0.0,0.0,0.0,0.0,0.0,0.0
118,pedestrian,1,2,8,106.473505,0.033437,-35.03066755538745,-2.3192624842172664,0,-28.48785808817084,-0.5184375090199802,0,0.0,0.0,0.0,0.0,0.0,0.0,0.0
118,pedestrian,1,2,9,106.50694,0.033435,-35.110830591024076,-2.318849157212011,0,-28.498040304823277,-0.5205373287955017,0,0.0,0.0,0.0,0.0,0.0,0.0,0.0
118,pedestrian,1,2,10,106.540362,0.033422,-35.190962500539044,-2.318484163036628,0,-28.518073281817678,-0.5224115557414796,0,0.0,0.0,0.0,0.0,0.0,0.0,0.0
118,pedestrian,1,2,11,106.57379,0.033428,-35.270914205808076,-2.31803982155283,0,-28.53811043585447,-0.5245033118069204,0,0.0,0.0,0.0,0.0,0.0,0.0,0.0
118,pedestrian,1,2,12,106.607218,0.033428,-35.34125736009251,-2.3176192888452203,0,-28.55793181403133,-0.5263610977377486,0,0.0,0.0,0.0,0.0,0.0,0.0,0.0
118,pedestrian,1,2,13,106.640648,0.03343,-35.42140846394098,-2.317223159226054,0,-28.568184774202617,-0.5282245660260505,0,0.0,0.0,0.0,0.0,0.0,0.0,0.0
118,pedestrian,1,2,14,106.67407700000001,0.033429,-35.501306510117274,-2.316799036401205,0,-28.588222522494725,-0.5300816731850595,0,0.0,0.0,0.0,0.0,0.0,0.0,0.0
118,pedestrian,1,2,15,106.707513,0.033436,-35.57172488720598,-2.316372607630492,0,-28.608263880300434,-0.5319386036090766,0,0.0,0.0,0.0,0.0,0.0,0.0,0.0
118,pedestrian,1,2,16,106.740916,0.033403,-35.65181126963242,-2.315920279358558,0,-28.62800105472553,-0.5337807002741138,0,0.0,0.0,0.0,0.0,0.0,0.0,0.0
118,pedestrian,1,2,17,106.774321,0.033405,-35.73190470627899,-2.3155185317982867,0,-28.638308834171674,-0.5353973415094734,0,0.0,0.0,0.0,0.0,0.0,0.0,0.0
118,pedestrian,1,2,18,106.807732,0.033411,-35.81170091207242,-2.31511309208345,0,-28.658335206212005,-0.5370208893566581,0,0.0,0.0,0.0,0.0,0.0,0.0,0.0
118,pedestrian,1,2,19,106.842034,0.034302,-35.88425207692142,-2.31461819641329,0,-28.678895676062112,-0.5388981007770031,0,0.0,0.0,0.0,0.0,0.0,0.0,0.0
118,pedestrian,1,2,20,106.87544600000001,0.033412,-35.96436222382376,-2.3141857050426546,0,-28.698923214239972,-0.5405077785443967,0,0.0,0.0,0.0,0.0,0.0,0.0,0.0
118,pedestrian,1,2,21,106.908854,0.033408,-36.04384494635527,-2.3137504940186537,0,-28.71894778973193,-0.5421164856745713,0,0.0,0.0,0.0,0.0,0.0,0.0,0.0
118,pedestrian,1,2,22,106.94226400000001,0.03341,-36.1145637713535,-2.313292152326786,0,-28.73834511516261,-0.5437044398656475,0,0.0,0.0,0.0,0.0,0.0,0.0,0.0
118,pedestrian,1,2,23,106.975678,0.033414,-36.19467870451699,-2.3128785642666903,0,-28.749002333213006,-0.545089622900754,0,0.0,0.0,0.0,0.0,0.0,0.0,0.0
118,pedestrian,1,2,24,107.00908000000001,0.033402,-36.2747626199081,-2.3123931357920298,0,-28.769023312509212,-0.5466699250595503,0,0.0,0.0,0.0,0.0,0.0,0.0,0.0
118,pedestrian,1,2,25,107.04251500000001,0.033435,-36.35425207661093,-2.3119809735346606,0,-28.789064112148914,-0.5480403992090133,0,0.0,0.0,0.0,0.0,0.0,0.0,0.0
118,pedestrian,1,2,26,107.075916,0.033401,-36.425009570681894,-2.3115375574570383,0,-28.809085050192934,-0.5494185932490434,0,0.0,0.0,0.0,0.0,0.0,0.0,0.0
118,pedestrian,1,2,27,107.109353,0.033437,-36.505177401440015,-2.311020097863311,0,-28.82912700823536,-0.5509913551150408,0,0.0,0.0,0.0,0.0,0.0,0.0,0.0
118,pedestrian,1,2,28,107.14278900000001,0.033436,-36.584617119527415,-2.310557055660119,0,-28.848442520912048,-0.552331609492515,0,0.0,0.0,0.0,0.0,0.0,0.0,0.0
118,pedestrian,1,2,29,107.17619400000001,0.033405,-36.655436339900234,-2.310140963007912,0,-28.8591917421814,-0.5534728054699753,0,0.0,0.0,0.0,0.0,0.0,0.0,0.0
118,pedestrian,1,2,30,107.209636,0.033442,-36.73561615758583,-2.309670311331596,0,-28.879236696400003,-0.5548288969118585,0,0.0,0.0,0.0,0.0,0.0,0.0,0.0
118,pedestrian,1,2,31,107.243059,0.033423,-36.81575060810051,-2.309178460844459,0,-28.899270309618988,-0.5561599001591822,0,0.0,0.0,0.0,0.0,0.0,0.0,0.0
118,pedestrian,1,2,32,107.276463,0.033404,-36.895053326095464,-2.3087354492951966,0,-28.91929304117452,-0.5572760661476976,0,0.0,0.0,0.0,0.0,0.0,0.0,0.0
118,pedestrian,1,2,33,107.309872,0.033409,-36.965942228360916,-2.3082669398425213,0,-28.93931821373393,-0.5583860405132121,0,0.0,0.0,0.0,0.0,0.0,0.0,0.0
118,pedestrian,1,2,34,107.34330800000001,0.033436,-37.04610785813418,-2.307797517091415,0,-28.95935962254412,-0.5594965847215663,0,0.0,0.0,0.0,0.0,0.0,0.0,0.0
118,pedestrian,1,2,35,107.376706,0.033398,-37.12535332248806,-2.3073258409163837,0,-28.97937875433907,-0.5606050189909436,0,0.0,0.0,0.0,0.0,0.0,0.0,0.0
118,pedestrian,1,2,36,107.41013600000001,0.03343,-37.19633543177937,-2.3068306917736257,0,-28.998566574211683,-0.56170867530928,0,0.0,0.0,0.0,0.0,0.0,0.0,0.0
118,pedestrian,1,2,37,107.443565,0.033429,-37.276484289685335,-2.3063550850960333,0,-29.00945372989184,-0.562816836892047,0,0.0,0.0,0.0,0.0,0.0,0.0,0.0
118,pedestrian,1,2,38,107.476961,0.033396,-37.355678494430144,-2.3058373980660085,0,-29.029471657766706,-0.5638918846879725,0,0.0,0.0,0.0,0.0,0.0,0.0,0.0
118,pedestrian,1,2,39,107.510396,0.033435,-37.426719042711404,-2.305387414910849,0,-29.049512418617507,-0.5647831722401244,0,0.0,0.0,0.0,0.0,0.0,0.0,0.0
118,pedestrian,1,2,40,107.543801,0.033405,-37.5068103699995,-2.3048640458062195,0,-29.06953524907504,-0.5658558770128951,0,0.0,0.0,0.0,0.0,0.0,0.0,0.0
118,pedestrian,1,2,41,107.57723,0.033429,-37.586961198973135,-2.304369345882802,0,-29.089572958437667,-0.5667136694330888,0,0.0,0.0,0.0,0.0,0.0,0.0,0.0
118,pedestrian,1,2,42,107.610663,0.033433,-37.66617149671255,-2.3038962476774287,0,-29.109612517189223,-0.5675766447158332,0,0.0,0.0,0.0,0.0,0.0,0.0,0.0
118,pedestrian,1,2,43,107.644093,0.03343,-37.737270719095264,-2.3034013003417098,0,-29.12965033655448,-0.5684103101824506,0,0.0,0.0,0.0,0.0,0.0,0.0,0.0
118,pedestrian,1,2,44,107.67752300000001,0.03343,-37.81742393113919,-2.302930185307815,0,-29.149688639684598,-0.5690525532238485,0,0.0,0.0,0.0,0.0,0.0,0.0,0.0
118,pedestrian,1,2,45,107.71095600000001,0.033433,-37.896576388351505,-2.3024290433958194,0,-29.169728201705844,-0.5699079544928047,0,0.0,0.0,0.0,0.0,0.0,0.0,0.0
118,pedestrian,1,2,46,107.744359,0.033403,-37.96766872878885,-2.3019126276710624,0,-29.188733235950416,-0.570708787386648,0,0.0,0.0,0.0,0.0,0.0,0.0,0.0
118,pedestrian,1,2,47,107.777765,0.033406,-38.04776438797276,-2.3014771674213654,0,-29.19977375511841,-0.5710900225699369,0,0.0,0.0,0.0,0.0,0.0,0.0,0.0
118,pedestrian,1,2,48,107.81120100000001,0.033436,-38.12688058086413,-2.3010626782531163,0,-29.219815112996365,-0.5714767545114605,0,0.0,0.0,0.0,0.0,0.0,0.0,0.0
118,pedestrian,1,2,49,107.844643,0.033442,-38.198109896216536,-2.300614838811544,0,-29.239860132217885,-0.5718813352139944,0,0.0,0.0,0.0,0.0,0.0,0.0,0.0
118,pedestrian,1,2,50,107.878073,0.03343,-38.27826308429817,-2.3000980006795,0,-29.259898428683424,-0.5724603429059393,0,0.0,0.0,0.0,0.0,0.0,0.0,0.0
118,pedestrian,1,2,51,107.911502,0.033429,-38.35730225519867,-2.2996321950863274,0,-29.27993559018173,-0.5728337586769608,0,0.0,0.0,0.0,0.0,0.0,0.0,0.0
118,pedestrian,1,2,52,107.944934,0.033432,-38.428567847781025,-2.2991632460084768,0,-29.299974620433673,-0.5732062863305343,0,0.0,0.0,0.0,0.0,0.0,0.0,0.0
118,pedestrian,1,2,53,107.98071800000001,0.035784,-38.514364921874694,-2.2986355828296174,0,-29.321423887627272,-0.5735984440129791,0,0.0,0.0,0.0,0.0,0.0,0.0,0.0
118,pedestrian,1,2,54,108.014125,0.033407,-38.592595208956176,-2.298142927511994,0,-29.341447863311647,-0.5739643665919366,0,0.0,0.0,0.0,0.0,0.0,0.0,0.0
118,pedestrian,1,2,55,108.04753000000001,0.033405,-38.66455238274308,-2.2976502445624742,0,-29.36147075388448,-0.5743300950417695,0,0.0,0.0,0.0,0.0,0.0,0.0,0.0
118,pedestrian,1,2,56,108.080933,0.033403,-38.74464064339792,-2.297168381805409,0,-29.381492818703418,-0.5746522686876859,0,0.0,0.0,0.0,0.0,0.0,0.0,0.0
118,pedestrian,1,2,57,108.114333,0.0334,-38.82282178001806,-2.29676322093128,0,-29.401512598856836,-0.5748415350312632,0,0.0,0.0,0.0,0.0,0.0,0.0,0.0
118,pedestrian,1,2,58,108.147734,0.033401,-38.89480173747035,-2.2964811100085702,0,-29.421533091805284,-0.5752595184092633,0,0.0,0.0,0.0,0.0,0.0,0.0,0.0
118,pedestrian,1,2,59,108.181138,0.033404,-38.974892388684914,-2.2961770606428686,0,-29.441555755660687,-0.5756719843941357,0,0.0,0.0,0.0,0.0,0.0,0.0,0.0
118,pedestrian,1,2,60,108.214556,0.033418,-39.05307982009663,-2.29588396861711,0,-29.461586325090703,-0.5760400970742042,0,0.0,0.0,0.0,0.0,0.0,0.0,0.0
118,pedestrian,1,2,61,108.247961,0.033405,-39.1251062397443,-2.295626257191155,0,-29.479662925708407,-0.5762672280488009,0,0.0,0.0,0.0,0.0,0.0,0.0,0.0
118,pedestrian,1,2,62,108.28137100000001,0.03341,-39.205211266608785,-2.2953332789984944,0,-29.491635474777194,-0.5766345314802441,0,0.0,0.0,0.0,0.0,0.0,0.0,0.0
118,pedestrian,1,2,63,108.314778,0.033407,-39.28333576089463,-2.2950700417516297,0,-29.51165945011408,-0.5768607904130897,0,0.0,0.0,0.0,0.0,0.0,0.0,0.0
118,pedestrian,1,2,64,108.34818200000001,0.033404,-39.35539635569259,-2.294755536257579,0,-29.531681746285216,-0.5772218848149314,0,0.0,0.0,0.0,0.0,0.0,0.0,0.0
118,pedestrian,1,2,65,108.381584,0.033402,-39.43348890614897,-2.2944920889758538,0,-29.55170320577135,-0.5774484804464995,0,0.0,0.0,0.0,0.0,0.0,0.0,0.0
118,pedestrian,1,2,66,108.414984,0.0334,-39.50556131278214,-2.29417770975771,0,-29.57172298516005,-0.5778088974458723,0,0.0,0.0,0.0,0.0,0.0,0.0,0.0
118,pedestrian,1,2,67,108.448384,0.0334,-39.585640915353906,-2.29391405773403,0,-29.59174288763479,-0.5780357928724708,0,0.0,0.0,0.0,0.0,0.0,0.0,0.0
118,pedestrian,1,2,68,108.482692,0.034308,-39.66560357056634,-2.293586863814608,0,-29.61230739623336,-0.578398993031226,0,0.0,0.0,0.0,0.0,0.0,0.0,0.0
118,pedestrian,1,2,69,108.516126,0.033434,-39.73805958934596,-2.293312992848896,0,-29.632347555440038,-0.578574339589295,0,0.0,0.0,0.0,0.0,0.0,0.0,0.0
118,pedestrian,1,2,70,108.549553,0.033427,-39.81820400423166,-2.2930391652063333,0,-29.652383659036758,-0.5787496016006234,0,0.0,0.0,0.0,0.0,0.0,0.0,0.0
118,pedestrian,1,2,71,108.582989,0.033436,-39.89601685331089,-2.2927516111847925,0,-29.672425475408794,-0.5789788402819347,0,0.0,0.0,0.0,0.0,0.0,0.0,0.0
