id,agent_type,type,sim_state,tick_count,sim_time,delta_time,x,x_vel,x_acc,y,y_vel,y_acc,s,s_vel,s_acc,d,d_vel,d_acc,yaw
-262,pedestrian,4,1,1,217.0168,0.0,2.9616420475983554,0.33533838968778085,-2.2298514752260226,23.337463319328442,1.6553985521797991,-0.2728654247079259,0.0,0.0,0.0,0.0,0.0,0.0,0.0
-262,pedestrian,4,1,2,217.050287,0.033487,2.97042653348631,0.2635345766386353,-2.154114391474367,23.392321718903567,1.6457519872537052,-0.2893969477828169,0.0,0.0,0.0,0.0,0.0,0.0,0.0
-262,pedestrian,4,1,3,217.083723,0.033436,2.9768973731509587,0.19412518993946615,-2.0822816009750733,23.446839658017677,1.6355381734233176,-0.30641441491162574,0.0,0.0,0.0,0.0,0.0,0.0,0.0
-262,pedestrian,4,1,4,217.11720499999998,0.033482,2.981130195867212,0.1269846814875978,-2.01421525355605,23.50099767709522,1.6247405723263522,-0.3239280329089655,0.0,0.0,0.0,0.0,0.0,0.0,0.0
-262,pedestrian,4,1,5,217.150656,0.033451,2.9831965824154847,0.06199159644817759,-1.9497925511826069,23.554775730890043,1.613341613844645,-0.34196875445121666,0.0,0.0,0.0,0.0,0.0,0.0,0.0
-262,pedestrian,4,1,6,217.184138,0.033482,2.9831641855667606,-0.0009719054617210315,-1.8889050572969586,23.608153130045267,1.6013219746567573,-0.36058917563663306,0.0,0.0,0.0,0.0,0.0,0.0,0.0
-262,pedestrian,4,1,7,217.217624,0.033486,2.9810968350992946,-0.06202051402397478,-1.8314582568676125,23.661108456969092,1.5886598077147995,-0.37986500825873565,0.0,0.0,0.0,0.0,0.0,0.0,0.0
-262,pedestrian,4,1,8,217.251072,0.033448,2.977054627568444,-0.12126622592551572,-1.7773713570462286,23.713619453591853,1.5753298986828688,-0.39989727095792055,0.0,0.0,0.0,0.0,0.0,0.0,0.0
-262,pedestrian,4,1,9,217.28454499999998,0.033473,2.9710940007922457,-0.1788188032859505,-1.7265773208130435,23.76566287756808,1.5613027192868014,-0.42081538188202305,0.0,0.0,0.0,0.0,0.0,0.0,0.0
-262,pedestrian,4,1,10,217.318005,0.03346,2.9632677927677955,-0.23478624073350715,-1.6790231234266995,23.817214322199554,1.5465433389442291,-0.44278141027716855,0.0,0.0,0.0,0.0,0.0,0.0,0.0
-262,pedestrian,4,1,11,217.351454,0.033449,2.953625284504072,-0.2892752479117033,-1.6346702153458843,23.868247993697413,1.5310101449358084,-0.4659958202526235,0.0,0.0,0.0,0.0,0.0,0.0,0.0
-262,pedestrian,4,1,12,217.38490399999998,0.03345,2.942212226053658,-0.34239175351241347,-1.5934951680213048,23.918736437198916,1.5146533050451263,-0.4907051967204627,0.0,0.0,0.0,0.0,0.0,0.0,0.0
-262,pedestrian,4,1,13,217.418398,0.033494,2.929070844884971,-0.39424143506060116,-1.5554904464456318,23.96865020002558,1.4974128847998227,-0.5172126073591107,0.0,0.0,0.0,0.0,0.0,0.0,0.0
-262,pedestrian,4,1,14,217.451863,0.033465,2.914239835707007,-0.44493027533892,-1.5206652083495649,24.017957416688372,1.4792164998837818,-0.5458915474812286,0.0,0.0,0.0,0.0,0.0,0.0,0.0
-262,pedestrian,4,1,15,217.485324,0.033461,2.897754331048872,-0.49456513974405664,-1.4890459321540996,24.06662329466154,1.4599763391950566,-0.5772048206617523,0.0,0.0,0.0,0.0,0.0,0.0,0.0
-262,pedestrian,4,1,16,217.51880699999998,0.033483,2.8796458524974105,-0.543254356543839,-1.460676503993471,24.114609472279085,1.439585328526337,-0.6117303200615931,0.0,0.0,0.0,0.0,0.0,0.0,0.0
-262,pedestrian,4,1,17,217.552257,0.03345,2.8599422438649964,-0.5911082589724274,-1.4356170728576516,24.161873209218964,1.4179121081963435,-0.6501966098998043,0.0,0.0,0.0,0.0,0.0,0.0,0.0
-262,pedestrian,4,1,18,217.585727,0.03347,2.83866759036176,-0.6382396050970928,-1.413940383739961,24.208366354335503,1.3947943534961214,-0.6935326410066674,0.0,0.0,0.0,0.0,0.0,0.0,0.0
-262,pedestrian,4,1,19,217.619192,0.033465,2.815842133340994,-0.6847637106229718,-1.3957231657763707,24.25403401259007,1.370029747636953,-0.7429381757750521,0.0,0.0,0.0,0.0,0.0,0.0,0.0
-262,pedestrian,4,1,20,217.65264399999998,0.033452,2.791482200775861,-0.7307979769539931,-1.3810279899306375,24.298812798597414,1.3433635802203876,-0.7999850224969612,0.0,0.0,0.0,0.0,0.0,0.0,0.0
-262,pedestrian,4,1,21,217.686097,0.033453,2.7656001940363972,-0.7764602021839172,-1.3698667568977256,24.342628512623573,1.3144714207848152,-0.8667647830671762,0.0,0.0,0.0,0.0,0.0,0.0,0.0
-262,pedestrian,4,1,22,217.71955799999998,0.033461,2.7414436543099683,-0.7246961917928729,1.5529203117313293,24.38352317912387,1.226839995008871,-2.6289427732783244,0.0,0.0,0.0,0.0,0.0,0.0,0.0
-262,pedestrian,4,1,23,217.753045,0.033487,2.7188975504441952,-0.6763831159731865,1.449392274590593,24.421691534616503,1.14505066477905,-2.4536799068946347,0.0,0.0,0.0,0.0,0.0,0.0,0.0
-262,pedestrian,4,1,24,217.78651299999999,0.033468,2.697854520029282,-0.6312909124474032,1.352766105773497,24.457315333187474,1.0687139571290862,-2.290101229498913,0.0,0.0,0.0,0.0,0.0,0.0,0.0
-262,pedestrian,4,1,25,217.81995899999998,0.033446,2.678214358149016,-0.5892048564079752,1.2625816811828428,24.490564211985628,0.997466363944601,-2.137427795534559,0.0,0.0,0.0,0.0,0.0,0.0,0.0
-262,pedestrian,4,1,26,217.853443,0.033484,2.659883540210765,-0.5499245381475304,1.1784095478133425,24.52159649902189,0.9309686110878214,-1.994932585703389,0.0,0.0,0.0,0.0,0.0,0.0,0.0
-262,pedestrian,4,1,27,217.88689,0.033447,2.642774776594795,-0.5132629084791004,1.099848890052899,24.550559967108818,0.8689040426078674,-1.8619370543986196,0.0,0.0,0.0,0.0,0.0,0.0,0.0
-262,pedestrian,4,1,28,217.92032799999998,0.033438,2.626806596988462,-0.47904538818998205,1.0265256086735497,24.57759253754112,0.8109771129690524,-1.7378078891644504,0.0,0.0,0.0,0.0,0.0,0.0,0.0
-262,pedestrian,4,1,29,217.95374199999998,0.033414,2.6119029624328673,-0.4471090366678452,0.9580905456641055,24.602822936863994,0.7569119796862366,-1.621953998484474,0.0,0.0,0.0,0.0,0.0,0.0,0.0
-262,pedestrian,4,1,30,217.987204,0.033462,2.5979929032328517,-0.4173017760004735,0.8942178200211498,24.626371309855735,0.7064511897521931,-1.5138236980213053,0.0,0.0,0.0,0.0,0.0,0.0,0.0
-262,pedestrian,4,1,31,218.02068899999998,0.033485,2.585010181006992,-0.3894816667757858,0.8346032767406328,24.64834979164523,0.6593544536849001,-1.4129020820187916,0.0,0.0,0.0,0.0,0.0,0.0,0.0
-262,pedestrian,4,1,32,218.054135,0.033446,2.572892973269883,-0.3635162321132798,0.7789630398751785,24.66886304168543,0.6153975012059578,-1.318708574368269,0.0,0.0,0.0,0.0,0.0,0.0,0.0
-262,pedestrian,4,1,33,218.087627,0.033492,2.561583579034236,-0.33928182706941423,0.7270321513159685,24.688008742136592,0.5743710135348195,-1.2307946301341508,0.0,0.0,0.0,0.0,0.0,0.0,0.0
-262,pedestrian,4,1,34,218.122781,0.035154,2.5510281440464393,-0.3166630496338988,0.6785633230654634,24.705878063018428,0.5360796264550259,-1.148741612393807,0.0,0.0,0.0,0.0,0.0,0.0,0.0
-262,pedestrian,4,1,35,218.156228,0.033447,2.5411764043416403,-0.2955521911439737,0.6333257546977532,24.722556096345535,0.5003409998132472,-1.0721587992533614,0.0,0.0,0.0,0.0,0.0,0.0,0.0
-262,pedestrian,4,1,36,218.189717,0.033489,2.531981446891636,-0.27584872350012285,0.5911040293155245,24.73812226132716,0.4669849494487322,-1.0006815109354503,0.0,0.0,0.0,0.0,0.0,0.0,0.0
-262,pedestrian,4,1,37,218.223167,0.03345,2.523399486205545,-0.25745882058272607,0.5516970875219043,24.752650682559413,0.4358526369675419,-0.9339693744357094,0.0,0.0,0.0,0.0,0.0,0.0,0.0
-262,pedestrian,4,1,38,218.256665,0.033498,2.51538965582959,-0.24029491127865088,0.514917279122256,24.76621054299532,0.40679581307720336,-0.8717047167101559,0.0,0.0,0.0,0.0,0.0,0.0,0.0
-262,pedestrian,4,1,39,218.291959,0.035294,2.5079138137434507,-0.22427526258417724,0.4805894608342095,24.77886641339006,0.3796761118421488,-0.8135910370516375,0.0,0.0,0.0,0.0,0.0,0.0,0.0
-262,pedestrian,4,1,40,218.32540699999998,0.033448,2.5009363607358073,-0.20932359022930447,0.4485501706461833,24.79067855977075,0.3543643914207392,-0.7593516126422868,0.0,0.0,0.0,0.0,0.0,0.0,0.0
-262,pedestrian,4,1,41,218.358895,0.033488,2.494424070889339,-0.19536869539405294,0.41864684505754596,24.801703230406705,0.330740119078594,-0.7087281702643555,0.0,0.0,0.0,0.0,0.0,0.0,0.0
-262,pedestrian,4,1,42,218.39234399999998,0.033449,2.4883459333537767,-0.18234412606686076,0.39073707981576494,24.811992923670854,0.30869079792448795,-0.6614796346231819,0.0,0.0,0.0,0.0,0.0,0.0,0.0
-262,pedestrian,4,1,43,218.425843,0.033499,2.482673004672577,-0.17018786043598277,0.3646879689263393,24.821596638033718,0.2881114308858771,-0.6173810111583249,0.0,0.0,0.0,0.0,0.0,0.0,0.0
-262,pedestrian,4,1,44,218.460036,0.034193,2.4773782709545324,-0.15884201154134042,0.3403754668392709,24.83056010539467,0.26890402082862513,-0.5762223017175593,0.0,0.0,0.0,0.0,0.0,0.0,0.0
-262,pedestrian,4,1,45,218.49347899999998,0.033443,2.472436519240106,-0.14825255143278562,0.3176838032566437,24.838926008841764,0.2509771034128113,-0.537807522474415,0.0,0.0,0.0,0.0,0.0,0.0,0.0
-262,pedestrian,4,1,46,218.526963,0.033484,2.4678242174428724,-0.13836905391701282,0.2965049254731843,24.846734185892572,0.23424531152428707,-0.5019537566557272,0.0,0.0,0.0,0.0,0.0,0.0,0.0
-262,pedestrian,4,1,47,218.56041499999998,0.033452,2.46351940225676,-0.12914445558337068,0.27673795000926404,24.854021818285833,0.2186289717978144,-0.4684901917941801,0.0,0.0,0.0,0.0,0.0,0.0,0.0
-262,pedestrian,4,1,48,218.59390199999999,0.033487,2.459501574595393,-0.12053482984101152,0.2582887722707749,24.860823608975686,0.2040537206955526,-0.4372575330678539,0.0,0.0,0.0,0.0,0.0,0.0,0.0
-262,pedestrian,4,1,49,218.627412,0.03351,2.4557516019768304,-0.11249917855687343,0.2410695385241427,24.867171947385668,0.19045015229941523,-0.4081070518841214,0.0,0.0,0.0,0.0,0.0,0.0,0.0
-262,pedestrian,4,1,50,218.660836,0.033424,2.4522516274184616,-0.10499923675106777,0.22499825417416966,24.873097063636838,0.1777534875350783,-0.38089994293010754,0.0,0.0,0.0,0.0,0.0,0.0,0.0
-262,pedestrian,4,1,51,218.69430699999998,0.033471,2.4489849844017826,-0.09799929050037122,0.20999838752089664,24.87862717250758,0.16590326612231582,-0.35550664238287427,0.0,0.0,0.0,0.0,0.0,0.0,0.0
-262,pedestrian,4,1,52,218.727792,0.033485,2.445936117507897,-0.09146600681657369,0.19599851051392592,24.88378860779062,0.15484305849118263,-0.331806228933996,0.0,0.0,0.0,0.0,0.0,0.0,0.0
-262,pedestrian,4,1,53,218.76124399999998,0.033452,2.443090508344041,-0.0853682749156771,0.1829319570268976,24.88860594769164,0.14452019703057392,-0.3096858438182615,0.0,0.0,0.0,0.0,0.0,0.0,0.0
-262,pedestrian,4,1,54,218.79469799999998,0.033454,2.440434606408423,-0.07967705806854078,0.17073650541408936,24.893102131870133,0.13488552535477316,-0.28904015027402274,0.0,0.0,0.0,0.0,0.0,0.0,0.0
-262,pedestrian,4,1,55,218.828158,0.03346,2.43795576456419,-0.07436525532699025,0.1593540822465159,24.897298570676337,0.1258931641861273,-0.2697708350593755,0.0,0.0,0.0,0.0,0.0,0.0,0.0
-262,pedestrian,4,1,56,218.86162099999999,0.033463,2.435642178815215,-0.06940757246923385,0.14873048573269204,24.90121524710445,0.11750029284331728,-0.25178614028430085,0.0,0.0,0.0,0.0,0.0,0.0,0.0
-262,pedestrian,4,1,57,218.89507999999998,0.033459,2.4334828320968356,-0.06478040155138692,0.1388151275354077,24.904870811950463,0.10966694538040926,-0.23500042388724068,0.0,0.0,0.0,0.0,0.0,0.0,0.0
-262,pedestrian,4,1,58,218.92854,0.03346,2.4314674418135214,-0.06046170849942205,0.12956079155894615,24.908282672627845,0.10235582032147666,-0.21933375176797806,0.0,0.0,0.0,0.0,0.0,0.0,0.0
-262,pedestrian,4,1,59,218.962001,0.033461,2.4295864108747796,-0.05643092816225511,0.1209234101150081,24.91146707605828,0.09553210291306515,-0.20471152225234543,0.0,0.0,0.0,0.0,0.0,0.0,0.0
-262,pedestrian,4,1,60,218.99545899999998,0.033458,2.4278307819949636,-0.052668866394474004,0.11286185303343328,24.914439186037306,0.08916329937078284,-0.19106410626846929,0.0,0.0,0.0,0.0,0.0,0.0,0.0
-262,pedestrian,4,1,61,219.028921,0.033462,2.426192195039826,-0.04915760865412528,0.10533773221046176,24.91721315544288,0.08321908216724597,-0.17832651610610623,0.0,0.0,0.0,0.0,0.0,0.0,0.0
-262,pedestrian,4,1,62,219.06238299999998,0.033462,2.4246628472165144,-0.0458804346993419,0.09831521864350141,24.919802193630687,0.07767114563419925,-0.1664380959914015,0.0,0.0,0.0,0.0,0.0,0.0,0.0
-262,pedestrian,4,1,63,219.095854,0.033471,2.4232354559177187,-0.042821738963864354,0.09176087206432637,24.922218629334665,0.07249307111931656,-0.15534223544648068,0.0,0.0,0.0,0.0,0.0,0.0,0.0
-262,pedestrian,4,1,64,219.129328,0.033474,2.4219032240427465,-0.03996695624916105,0.08564348144109916,24.924473969375562,0.06766020122687413,-0.14498609677327295,0.0,0.0,0.0,0.0,0.0,0.0,0.0
-262,pedestrian,4,1,65,219.162813,0.033485,2.4206598076305657,-0.03730249236543146,0.07993391651188758,24.9265789534544,0.06314952236509509,-0.13532036585337143,0.0,0.0,0.0,0.0,0.0,0.0,0.0
-262,pedestrian,4,1,66,219.19627699999998,0.033464,2.4194992856505917,-0.034815659399216145,0.07460498898645943,24.928543605293992,0.05893955518781659,-0.12629901531835505,0.0,0.0,0.0,0.0,0.0,0.0,0.0
-262,pedestrian,4,1,67,219.22973299999998,0.033456,2.4184161318074118,-0.03249461529539519,0.06963132311462861,24.93037728037027,0.05501025228830212,-0.11787908698543424,0.0,0.0,0.0,0.0,0.0,0.0,0.0
-262,pedestrian,4,1,68,219.26321199999998,0.033479,2.4174051882251795,-0.030328307466974215,0.06498923485262925,24.932088710462114,0.05134290275530228,-0.11002048598999509,0.0,0.0,0.0,0.0,0.0,0.0,0.0
-262,pedestrian,4,1,69,219.296672,0.03346,2.416461640886344,-0.028306420165070702,0.060656619057105364,24.933686045230708,0.04792004305782377,-0.10268579092435534,0.0,0.0,0.0,0.0,0.0,0.0,0.0
-262,pedestrian,4,1,70,219.330133,0.033461,2.4155809967078214,-0.0264193253556716,0.05661284428197309,24.93517689102746,0.04472537390260649,-0.09584007465651839,0.0,0.0,0.0,0.0,0.0,0.0,0.0
-262,pedestrian,4,1,71,219.363597,0.033464,2.4147590621453934,-0.02465803687284141,0.05283865448490566,24.936568347114445,0.04174368260950896,-0.08945073879292582,0.0,0.0,0.0,0.0,0.0,0.0,0.0
-262,pedestrian,4,1,72,219.397078,0.033481,2.413991923224444,-0.023014167628482036,0.04931607733078131,24.937867039470117,0.038960770670195564,-0.08348735817940196,0.0,0.0,0.0,0.0,0.0,0.0,0.0
-262,pedestrian,4,1,73,219.430542,0.033464,2.4132759269020143,-0.021479889672877665,0.04602833866813111,24.939079152341527,0.03636338614234833,-0.07792153583541703,0.0,0.0,0.0,0.0,0.0,0.0,0.0
-262,pedestrian,4,1,74,219.46399699999998,0.033455,2.4126076636713685,-0.020047896919375814,0.042959782605055584,24.940210457692995,0.03393916054398132,-0.07272676795101042,0.0,0.0,0.0,0.0,0.0,0.0,0.0
-262,pedestrian,4,1,75,219.497459,0.033462,2.4119839513262424,-0.018711370353779115,0.04009579696790092,24.941266342691524,0.031676549955878104,-0.06787831764309661,0.0,0.0,0.0,0.0,0.0,0.0,0.0
-262,pedestrian,4,1,76,219.530923,0.033464,2.4114018198074745,-0.017463945563036695,0.037422743722272625,24.942251835359862,0.029564780050193664,-0.06335309717053324,0.0,0.0,0.0,0.0,0.0,0.0,0.0
-262,pedestrian,4,1,77,219.56438799999998,0.033465,2.4108584970598694,-0.01629968242814861,0.03492789404664253,24.943171628519433,0.027593794787169938,-0.059129557890711795,0.0,0.0,0.0,0.0,0.0,0.0,0.0
-262,pedestrian,4,1,78,219.597849,0.033461,2.41035139583193,-0.015213036838188684,0.03259936769879773,24.94403010213705,0.02575420852847327,-0.055187587760900055,0.0,0.0,0.0,0.0,0.0,0.0,0.0
-262,pedestrian,4,1,79,219.63132,0.033471,2.409878101355608,-0.014198834289661573,0.030426076455813317,24.94483134418184,0.024037261343749658,-0.051508415541708374,0.0,0.0,0.0,0.0,0.0,0.0,0.0
-262,pedestrian,4,1,80,219.66478099999998,0.033461,2.409436359847407,-0.013252245246026535,0.028397671309051124,24.94557917009175,0.022434777297302512,-0.04807452139341438,0.0,0.0,0.0,0.0,0.0,0.0,0.0
-262,pedestrian,4,1,81,219.698241,0.03346,2.409024067776076,-0.01236876213993282,0.026504493182811464,24.946277140942254,0.020939125515088707,-0.044869553466414164,0.0,0.0,0.0,0.0,0.0,0.0,0.0
-262,pedestrian,4,1,82,219.73170299999998,0.033462,2.4086392618457904,-0.011544177908569039,0.02473752694091348,24.94692858040384,0.01954318384752491,-0.04187825002691388,0.0,0.0,0.0,0.0,0.0,0.0,0.0
-262,pedestrian,4,1,83,219.765187,0.033484,2.408280109647123,-0.010774565960017158,0.023088358456556456,24.947536590568998,0.018240304954795568,-0.039086366781880294,0.0,0.0,0.0,0.0,0.0,0.0,0.0
-262,pedestrian,4,1,84,219.798633,0.033446,2.407944900931282,-0.010056261475226454,0.021549134543721118,24.94810406672409,0.017024284652685226,-0.03648060906331031,0.0,0.0,0.0,0.0,0.0,0.0,0.0
