-171,0,1,1,170.003167,0.0,-47.1895358992042,-23.007716632448137,0.0,9.105886913252009,4.154129030894308,0.0,0.0,0.0,0.0,12.129515111406866,1.3922680563726748,10.004812333473119,-0.27873760822189153,-0.0003795366968679069,-0.013622824168050189
-171,0,1,2,170.036612,0.033445,-47.1895358992042,-23.007716632448137,0.0,9.105886913252009,4.154129030894308,0.0,0.0,0.0,0.0,12.129515111406866,1.3922680563726748,10.004812333473119,-0.27873760822189153,-0.0003795366968679069,-0.013622824168050189
-171,0,1,3,170.070053,0.033441,-46.27496322389571,-22.592632164023772,0.0,9.116400056351583,4.151645637005402,0.2056767793316065,-0.04573725010126344,65.51528744923235,0.0,13.13347694900243,1.3640028303907492,10.013119558052122,-0.28696375880455344,0.16413036659060712,-0.1452795441916985
-171,0,1,4,170.103467,0.033414,-45.96997054112145,-22.45448851418208,0.0,9.124337896987607,4.149938260111661,0.2690207937090771,-0.05606344650446967,65.54297392586892,0.0,13.468156742923723,1.3543260500261511,10.019481198909235,-0.29244850118813187,0.2164396760187154,-0.18247150076157223
-171,0,1,5,170.136924,0.033457,-45.66427844284921,-22.316244073636735,0.0,9.13436428254939,4.147922244838979,0.3299203872649494,-0.06406685327661045,65.57716250756678,0.0,13.803509260985031,1.3444329757961813,10.027581464314704,-0.2991316968765942,0.26757233259867874,-0.2165110337728186
-171,0,1,6,170.170367,0.033443,-45.358339259335466,-22.178143589381943,0.0,9.146380955212974,4.145677528012085,0.38830351518372647,-0.06980341635183998,65.61717209869622,0.0,14.139020652430267,1.3343021332377152,10.037367207596706,-0.3068978396947553,0.3174396051794515,-0.24741633315256822
-171,0,1,7,170.203813,0.033446,-45.05193235092623,-22.04012341829891,0.0,9.160310311151216,4.143277572475253,0.4442361017514608,-0.07334979365463629,65.66240103779323,0.0,14.474917109684231,1.323893908079981,10.048800963284863,-0.3156473339740477,0.3660674564023088,-0.2752850114329456
-171,0,1,8,170.23726,0.033447,-44.74501339692517,-21.90219598482435,0.0,9.176070304469132,4.140794554854555,0.497749394756469,-0.0747779937707758,65.7122419569515,0.0,14.811233008656531,1.313177690069978,10.061840736953126,-0.3252795140551389,0.41345275527231595,-0.3001952193100325
-171,0,1,9,170.270692,0.033432,-44.437669717737364,-21.76442899757716,0.0,9.193571924742223,4.1382992943771795,0.5488543365134365,-0.07416121095602204,65.76607761510007,0.0,15.147860175382352,1.302130946929699,10.07643770850543,-0.3356916618876631,0.45957361509035666,-0.32221719906481533
-171,0,1,10,170.30414199999998,0.03345,-43.82094826129207,-21.48877804451947,0.0,9.22863421856447,4.1390566594027325,0.574341852362058,0.010498572798380013,65.84369215258886,0.0,15.822993696138429,1.2792501271643253,10.108214748680325,-0.35138890757492663,0.5197093204625817,-0.2575825230674181
-171,0,1,11,170.337561,0.033419,-43.51190986220147,-21.351117402959158,0.0,9.24832988892018,4.139760603890402,0.6041946972824469,0.031638526432532975,65.88563637136744,0.0,16.161097098570497,1.267364269554126,10.12618851413538,-0.35990244235080676,0.5557995680838431,-0.251836580521216
-171,0,1,12,170.371018,0.033457,-43.20183778561599,-21.213280582412207,0.0,9.269029827301136,4.141173813352349,0.6330374136874037,0.05284653093341258,65.92608674126352,0.0,16.500206673026163,1.2551832068326672,10.145375539257154,-0.3682250116925702,0.5910137584206819,-0.24559116946666312
-171,0,1,13,170.404465,0.033447,-42.89114370382157,-21.07544175646987,0.0,9.290670786518888,4.143296339543283,0.6608354968965873,0.07407533968963613,65.96489205478231,0.0,16.839876068235846,1.2427310440836734,10.165719122156217,-0.3763282479108884,0.6253002191005196,-0.23887320603414638
-171,0,1,14,170.43791199999998,0.033447,-42.579703871821145,-20.93753615050326,0.0,9.313224299208864,4.1461291243499385,0.6876059125162849,0.09531441213267085,66.00197924064744,0.0,17.18024490243806,1.2300116959362806,10.187194147729713,-0.38419911454703215,0.6586696124245509,-0.2316994716817029
-171,0,1,15,170.47135899999998,0.033447,-42.26748826438827,-20.799540175918683,0.0,9.336656129963965,4.149672228898387,0.7133568524845242,0.11654687641023496,66.03726873187304,0.0,17.521350506033485,1.2170331859283914,10.209769942825794,-0.39182267807664856,0.6911219383927758,-0.22408854180359009
-171,0,1,16,170.504807,0.033448,-41.64072459727496,-20.523155976988797,0.0,9.383135286468162,4.159230561978255,0.7200107161784083,0.1631427421637957,66.09388909663487,0.0,18.20582977900644,1.1904052926235253,10.255664382668776,-0.40469092146597885,0.7176013783545999,-0.18539417579312048
-171,0,1,17,170.538234,0.033427,-41.32632275361398,-20.384816166405063,0.0,9.407429997539749,4.165041435181869,0.7335015877930746,0.18447005213975518,66.11913260296593,0.0,18.54905081569117,1.176776555821298,10.280012660175984,-0.4106689932464221,0.7390973663166677,-0.17230414101245392
-171,0,1,18,170.571646,0.033412,-41.01123602016214,-20.24634927279596,0.0,9.43215588123146,4.171555835605881,0.7464731219097315,0.20541052125380585,66.14165010982106,0.0,18.892943059194263,1.1629615248217544,10.305057626398838,-0.4162090508696593,0.7599583938990074,-0.15933642649022922
-171,0,1,19,170.60504699999998,0.033401,-40.69541307011873,-20.10771572420692,0.0,9.457298273978305,4.178761060836668,0.7589292921960509,0.22596342065865022,66.16148868738915,0.0,19.237569994381783,1.1489732400174681,10.330780575018485,-0.421316220170221,0.7801876882914808,-0.14649332390755768
-171,0,1,20,170.63846999999998,0.033423,-40.37852744485605,-19.968755639795624,0.0,9.482865165893037,4.186651780902411,0.770883976655656,0.2461451893390278,66.17870941510236,0.0,19.583295127687162,1.134812139823744,10.3571863640246,-0.4259994247693531,0.7998049271905849,-0.13376618696765624
-171,0,1,21,170.671878,0.033408,-40.060916234523624,-19.82960041045114,0.0,9.508811389250797,4.1952065654126285,0.7823256050687243,0.2659296869493061,66.19333664397843,0.0,19.92975789891548,1.120508051752844,10.384225083645697,-0.4302575682197904,0.8187881974208149,-0.12117312560776537
-171,0,1,22,170.705322,0.033444,-39.42235286448154,-19.550081593644748,0.0,9.560620636216166,4.214803351015593,0.7855947276805256,0.31147891241966613,66.20969738907488,0.0,20.62621581806433,1.0915198927359167,10.43932403987766,-0.43651784362961094,0.841798958518537,-0.08197471218604926
-171,0,1,23,170.738758,0.033436,-39.10184552230421,-19.40988436483399,0.0,9.5869879057544,4.225551984277642,0.7915349437587028,0.33135939459096314,66.2140778955176,0.0,20.975738258794326,1.0768814918006042,10.467707538106803,-0.43900520905324225,0.8558944566290078,-0.06687716691011932
-171,0,1,24,170.772198,0.03344,-38.780407054581175,-19.269317722739753,0.0,9.613552080104458,4.236956783949582,0.7971824529194103,0.3506468345372847,66.21559301053476,0.0,21.326259497922823,1.0621665224970736,10.496557052989996,-0.44099480639021443,0.8694676632597553,-0.05218560259661675
-171,0,1,25,170.80560699999998,0.033409,-38.458368556154944,-19.12850783314621,0.0,9.640275305079005,4.248985187544639,0.8025304561508186,0.36932444098550915,66.21434514808396,0.0,21.67742665519763,1.0474068772606906,10.52582433663206,-0.4424987187033496,0.8825050064230938,-0.037911846143835116
-171,0,1,26,170.83905,0.033443,-38.13509725375688,-18.987159941990434,0.0,9.667199728770045,4.2616409170869565,0.8075880739739929,0.38743115017664953,66.21043117456055,0.0,22.029937669885875,1.0325897988784014,10.555548878652363,-0.4435332822936784,0.8950317808632012,-0.024025121457128637
-171,0,1,27,170.872467,0.033417,-37.48622435806144,-18.703458046940593,0.0,9.723273361189092,4.287118841729413,0.851612247357333,0.39153148628191997,66.20668799144555,0.0,22.737495152562147,1.0028373413014495,10.617067268754779,-0.4464475671977053,0.9363340546985751,-0.04004735900569726
-171,0,1,28,170.905893,0.033426,-37.1602896595028,-18.560952435013007,0.0,9.751989132820238,4.30033619652111,0.8664304507515197,0.3993424348376672,66.20395212219677,0.0,23.092907470064343,0.9878920503010707,10.64864661078963,-0.4477820990975713,0.9530733743394977,-0.03971911774581915
-171,0,1,29,170.93931999999998,0.033427,-36.83336886477788,-18.418015196944737,0.0,9.78118839565571,4.313818087803391,0.8804902326351016,0.4073330490860068,66.20098084243394,0.0,23.449395278806982,0.972901977985256,10.680776396494137,-0.44909742157279775,0.9692115977352512,-0.03889838531193274
-171,0,1,30,170.97275399999998,0.033434,-36.505387134325055,-18.27461178514215,0.0,9.810851309223718,4.327572779922395,0.8938011168851694,0.41548983371161324,66.19769353848105,0.0,23.80704098807161,0.9578653336769046,10.713442472898357,-0.45037757173235266,0.9847514056419925,-0.03760137958674263
-171,0,1,31,171.006183,0.033429,-36.18216723337028,-18.13333111059699,0.0,9.840941350383034,4.341602666854259,0.906098019844414,0.4244012361797324,66.19400338548041,0.0,24.165733695177646,0.9427889581760721,10.746613047538238,-0.45160644924048443,0.9996871665752165,-0.0358450638929627
-171,0,1,32,171.03963,0.033447,-35.85299316200792,-17.98678435830525,0.0,9.871447510851192,4.355938569812871,0.9179288480204322,0.4328510291798498,66.18974128080808,0.0,24.525737539778408,0.927664417283911,10.78029110543352,-0.4527697710586642,1.0140288056624833,-0.033644517709822866
-171,0,1,33,171.073072,0.033442,-35.52283580592448,-17.839788855266406,0.0,9.90233249138535,4.37055693012236,0.9290273545651215,0.4414192614546859,66.18494752588842,0.0,24.88682165190546,0.912504547262439,10.814433636294396,-0.4538521516649921,1.0277661097197488,-0.031017553817734744
-171,0,1,34,171.106517,0.033445,-34.85958527347034,-17.54410964426384,0.0,9.958514701347697,4.404991933598457,0.8526795967063366,0.5195166073945947,66.13855310906003,0.0,25.612370175036585,0.88239134082331,10.880002644885755,-0.4489002554072019,0.9937884396336365,0.07247063684211623
-171,0,1,35,171.139963,0.033446,-34.52649983149979,-17.395447183746583,0.0,9.986825765207492,4.422711688175534,0.8403257850415836,0.539864792623956,66.11362208286617,0.0,25.976818209767114,0.8674224129787813,10.913206742542519,-0.4460786207174703,0.9917057808779157,0.09602945066596774
-171,0,1,36,171.173376,0.033413,-34.192798534562684,-17.24634285945905,0.0,10.014702631930856,4.441071386973372,0.8283597603742492,0.5588728416173977,66.08486146133392,0.0,26.342014349954457,0.8525753832753494,10.946304467173992,-0.44249562949609406,0.9893823482125313,0.11821486185606195
-171,0,1,37,171.206809,0.033433,-33.8579659719928,-17.096539440726687,0.0,10.042202116332534,4.460056040820287,0.8167502133666531,0.5765968331176151,66.05249628388444,0.0,26.708534628887854,0.8378514452284683,10.979340240440925,-0.4381907314923709,0.9868145979088606,0.13909083521230017
-171,0,1,38,171.240245,0.033436,-33.52218438613591,-16.946092844906108,0.0,10.069321787036301,4.479613728944567,0.8054913046563524,0.5930515811539836,66.01679947170462,0.0,27.07619094935087,0.8232815578519814,11.01228905602054,-0.4332091389650558,0.9840035849033559,0.15867338608379733
-171,0,1,39,171.273657,0.033412,-33.185738325267714,-16.79510696337898,0.0,10.096051645746595,4.499686103836103,0.7945796850916614,0.6082501296068379,65.97805469040888,0.0,27.444682246744158,0.8088992061783832,11.045116276557101,-0.42759829743776767,0.9809518080341292,0.17697588763671937
-171,0,1,40,171.307102,0.033445,-32.509246133380344,-16.49093712264813,0.0,10.152864971548288,4.538202573570957,0.8372047251838951,0.5916365575804898,65.91595906862311,0.0,28.18586683575404,0.7805023276693238,11.113060165666589,-0.41933695703186163,1.0118653142185918,0.1429090350676318
-171,0,1,41,171.340546,0.033444,-32.16964436980428,-16.337895267377053,0.0,10.180936977576245,4.558046720879947,0.8414869570494798,0.5950485846503916,65.8817442361655,0.0,28.558098922861056,0.7665581311439165,11.146991685189954,-0.4145407355252153,1.017229024547366,0.1439148104097851
-171,0,1,42,171.373974,0.033428,-31.829258290390264,-16.1842769667339,0.0,10.209133134977815,4.577993005221432,0.8454364654135981,0.598315079156996,65.84751858490176,0.0,28.93128985079595,0.7527814603402865,11.18108020899698,-0.40971292820017496,1.0222301866994177,0.14493569908394363
-171,0,1,43,171.40742,0.033446,-31.487737096178105,-16.029922404713485,0.0,10.237471089213246,4.598056872205614,0.849058332870756,0.6014371173372923,65.81324863212474,0.0,29.30582489320993,0.7391594591448548,11.21534838005871,-0.4048481399596131,1.026873855103942,0.1459703408253316
-171,0,1,44,171.440871,0.033451,-31.145208411387074,-15.874887555820946,0.0,10.265928941250833,4.618225704038232,0.8523519082093004,0.6044110998984892,65.77894926624853,0.0,29.68156484782914,0.7256987467357584,11.249770994017718,-0.3999478246077786,1.0311578532416048,0.14701594573040844
-171,0,1,45,171.474303,0.033432,-30.801914820186482,-15.71928088898254,0.0,10.294475230617461,4.6384799657162805,0.855316131730088,0.6072327525561003,65.74464696343885,0.0,30.058244200828184,0.7124100467173922,11.284311217744442,-0.39501519873883306,1.0350793336774786,0.1480693572242242
-171,0,1,46,171.507747,0.033444,-30.1122510918697,-15.406270688150132,0.0,10.351555628242071,4.6730406193893135,0.8546338611733417,0.5231710056205815,65.70398154583414,0.0,30.815157572846285,0.6860739262525911,11.350750025559266,-0.39049508616483636,0.9972878019356936,0.07266474905819666
-171,0,1,47,171.54117499999998,0.033428,-29.766114850739662,-15.248947824888404,0.0,10.380118359015896,4.690252073819367,0.8541563208185331,0.5067948959683921,65.68418858100978,0.0,31.195146221711322,0.67305826406336,11.38395948012727,-0.388314586342276,0.9896182075732385,0.05803041551293679
-171,0,1,48,171.574592,0.033417,-29.419131419141227,-15.09112704651685,0.0,10.408643768624867,4.70693087844286,0.8529656796813717,0.49162493893064274,65.66686743536529,0.0,31.57611510458339,0.6601118293094138,11.416899910109917,-0.38660036097281336,0.9818407959914918,0.04479453439288941
-171,0,1,49,171.608046,0.033454,-29.07080247713615,-14.932598158821028,0.0,10.437149204982827,4.72313998468382,0.8510766705288764,0.4776051032610437,65.65174462220973,0.0,31.958604029844405,0.6472012861324481,11.449614635100804,-0.3853044895640274,0.9739442669418512,0.032900154558582737
-171,0,1,50,171.641458,0.033412,-28.721952790979802,-14.77375145387785,0.0,10.465544384099847,4.73887958561242,0.8485111680050903,0.46473264820449994,65.6386139558216,0.0,32.34170070830334,0.6343438308469311,11.482022770575933,-0.3843853255182405,0.9659472924634426,0.022335552805682998
-171,0,1,51,171.67490999999998,0.033452,-28.37172905399048,-14.614211710216118,0.0,10.49387656213915,4.754225577144179,0.8452802283552525,0.45294024390185783,65.62721081338299,0.0,32.726336290347035,0.6214960767893235,11.514200182043261,-0.38379722200689437,0.9578302562277907,0.013035116162289523
-171,0,1,52,171.70833299999998,0.033423,-27.66919365142185,-14.293889600705787,0.0,10.546992576232206,4.785315418730114,0.7920303853340669,0.45301855172461764,65.59555156836437,0.0,33.49803016340296,0.5959850597307152,11.575550008800445,-0.38070730698727007,0.910127516071863,0.03638312586499973
-171,0,1,53,171.741753,0.03342,-27.31659402165537,-14.133008269583263,0.0,10.57321688003627,4.800361261101187,0.7773536819242236,0.44742618892371633,65.58140864421493,0.0,33.88539038794046,0.583282380427841,11.605704903746494,-0.37946951988202654,0.8944954609033396,0.03772092419497329
-171,0,1,54,171.775181,0.033428,-26.9630335691872,-13.971606218604629,0.0,10.598957428623915,4.815227248560209,0.7627121936679373,0.44204131357732573,65.56715997476817,0.0,34.27384276584631,0.5706188221247688,11.635346537316252,-0.3781837987295747,0.8789871778402976,0.03923215900209754
-171,0,1,55,171.80858999999998,0.033409,-26.608814553554037,-13.809820238679457,0.0,10.624195016771171,4.82990833447578,0.7481207448738768,0.436861979870219,65.55278801401329,0.0,34.66305573850039,0.558006278596515,11.664455482920232,-0.37684553970580503,0.863615130086497,0.040908622825690064
-171,0,1,56,171.84202399999998,0.033434,-26.253486457987865,-13.647443091712692,0.0,10.648964197087805,4.84443047620574,0.7335631512951818,0.43187522424439845,65.53824607014356,0.0,35.05352498336273,0.5454300242899772,11.693074200793173,-0.3754475254865758,0.8483591068263409,0.04274566019626504
-171,0,1,57,171.875462,0.033438,-25.897287553913248,-13.48458190039957,0.0,10.673250325917651,4.85879079807653,0.7190516397171969,0.4270782349455895,65.52351670057847,0.0,35.44498944811475,0.5329000707265068,11.72118831437665,-0.37398534475920714,0.8332288563652687,0.044735411932227055
-171,0,1,58,171.90891499999998,0.033453,-25.18206560890628,-13.157195459373522,0.0,10.723137312068893,4.890663981124091,0.7309991710674777,0.47031184125752645,65.48297413061826,0.0,36.23118790595054,0.5080747352027141,11.779992806045092,-0.36883258976740063,0.8631139268594394,0.07790575371934567
-171,0,1,59,171.942364,0.033449,-24.82324320780245,-12.99276596930064,0.0,10.747515020917739,4.90651852960234,0.7265969080225685,0.4776009220308357,65.46207617248868,0.0,36.6256996057228,0.49578280767479266,11.808851937153472,-0.3660862365211271,0.862407499841246,0.08624612220230674
-171,0,1,60,171.975813,0.033449,-24.46359948824916,-12.827821002642736,0.0,10.771744605518686,4.922609830546973,0.7221421109684243,0.48446857866890064,65.43994011798863,0.0,37.021176176033265,0.48358734231367384,11.837683550939381,-0.3630668507834558,0.8614685968065285,0.0942318523572085
-171,0,1,61,172.00926199999998,0.033449,-24.103139364601475,-12.662353023498888,0.0,10.795824274742778,4.9389238590492734,0.7176327516157491,0.49091907491060127,65.41663271210182,0.0,37.417616566403765,0.47149727428494087,11.866479871312542,-0.35978621478019507,0.8602972177552873,0.10186773186839905
-171,0,1,62,172.042715,0.033453,-23.741824559119852,-12.49633507937582,0.0,10.819755021874023,4.9554487206333375,0.7130662516583478,0.4969573711971061,65.39221623206825,0.0,37.81506704719308,0.45951972230589255,11.895236557755767,-0.35625551395800303,0.8588931809054687,0.10915939984904305
-171,0,1,63,172.076131,0.033416,-23.017646065123625,-12.163143480903413,0.0,10.865248318780848,4.986332174912929,0.6670174498939453,0.4551599913480897,65.34843488825602,0.0,38.61186925578758,0.4359109773546968,11.949667812383987,-0.35009821624223675,0.7991052780196718,0.09184132428094396
-171,0,1,64,172.10954999999998,0.033419,-22.6543832086111,-11.995791703850294,0.0,10.887259936453082,5.001356286083049,0.6503080576200333,0.4440406570399689,65.32704027367534,0.0,39.011657721395586,0.4242618155275945,11.97603994350996,-0.3470747695997941,0.7792075858429511,0.08915306328466827
-171,0,1,65,172.143002,0.033452,-22.29002537270121,-11.827797757643236,0.0,10.90873547184141,5.016029550174099,0.6336677976799314,0.43329560720651,65.3061916704618,0.0,39.412712510255446,0.41270089498753604,12.001776304754456,-0.34413307522717346,0.7595375388969496,0.08677365656305014
-171,0,1,66,172.176456,0.033454,-21.924927579126713,-11.659328745179492,0.0,10.929657080478021,5.030350548607997,0.6171162424767263,0.4229271388490296,65.28585290817942,0.0,39.814641325986905,0.4012364229900746,12.026860282088597,-0.3412657232185949,0.7401137536098615,0.08469656211346764
-171,0,1,67,172.209903,0.033447,-21.559206638907426,-11.490441838541843,0.0,10.950022325272078,5.04432798454772,0.6006618436093181,0.4129296935366139,65.26597511635892,0.0,40.217314118919106,0.3898691374436882,12.051293548547614,-0.33846350819969717,0.7209414000180345,0.08291303499428852
-171,0,1,68,172.243352,0.033449,-21.192782626125336,-11.321103022729433,0.0,10.96984001114654,5.057977895235851,0.584304172734433,0.4032922374315482,65.24650071784131,0.0,40.620817603538924,0.37859396189094874,12.07509109774378,-0.33571601098983966,0.7020152637103046,0.08141329404255414
-171,0,1,69,172.27680099999998,0.033449,-20.825695608393293,-11.15133330339134,0.0,10.989112239589137,5.0713113583193685,0.5680482384285754,0.39400712017992223,65.22738083594803,0.0,41.02510655089221,0.3674099000388176,12.09825972376474,-0.33301405922083227,0.6833364985140258,0.08018821906045961
-171,0,1,70,172.310248,0.033447,-20.089487375405223,-10.810620298885391,0.0,11.028809222746851,5.095488762820215,0.5761022316158358,0.3542927235247032,65.20229698895697,0.0,41.83602831941147,0.345188309175797,12.14452542728188,-0.3303645711588047,0.6729362455223542,0.04078871980642229
-171,0,1,71,172.34370099999998,0.033453,-19.720358277930647,-10.639665164738588,0.0,11.047965351535163,5.107130933211991,0.5690994905990392,0.3418827785088446,65.1903668208285,0.0,42.242673469755935,0.3341578878388619,12.166839876708645,-0.32913856082900333,0.6611562352834787,0.03266247742299069
-171,0,1,72,172.377144,0.033443,-19.35069338189877,-10.468399441452013,0.0,11.066876191051215,5.118368973167644,0.5617775716494086,0.3303284335663464,65.17971995714043,0.0,42.649936642891554,0.323167385637353,12.188755245502605,-0.3281693751314187,0.6494688297317057,0.025447126213282812
-171,0,1,73,172.41057999999998,0.033436,-18.980468135008977,-10.296821081038377,0.0,11.085533076697489,5.129232270559685,0.5541477847114282,0.3196038949034978,65.17020630132178,0.0,43.0578407405585,0.31220771851853907,12.21027677667493,-0.32742681151348335,0.6378729125326812,0.01911450686063578
-171,0,1,74,172.444021,0.033441,-18.609558187566826,-10.124880648750661,0.0,11.103932575239279,5.139752025700114,0.5462191469504408,0.3096811347458026,65.16167963897756,0.0,43.46651912387806,0.3012678659538448,12.23141520703476,-0.32688155999880547,0.6263643139849898,0.013635448101310923
-171,0,1,75,172.477412,0.033391,-18.23858361721048,-9.952872794235478,0.0,11.122035216967058,5.14993802464219,0.5380170012741347,0.30055081552768614,65.15401504037538,0.0,43.875285371266145,0.29035966434896554,12.252139519803583,-0.3265060679041216,0.6149617824726297,0.008990489822793681
-171,0,1,76,172.510822,0.03341,-17.494582567922368,-9.607618834800476,0.0,11.154029448694073,5.172205884243852,0.4719657852483258,0.32275762946946834,65.12249666851373,0.0,44.69520636847987,0.26873985455788263,12.290658068037583,-0.3221969986266587,0.5656641900179263,0.05802649671173244
-171,0,1,77,172.54426899999999,0.033447,-17.121323812592852,-9.434291811349699,0.0,11.169487178728625,5.183003978178252,0.45241307005247894,0.3228834538676455,65.10717222733827,0.0,45.10660514802273,0.2579974302927834,12.309285274713291,-0.3201095114508291,0.5482112779522605,0.06672966294672511
-171,0,1,78,172.57771499999998,0.033446,-16.74756009269997,-9.260630418019282,0.0,11.184297198880516,5.193801698413689,0.43326125938249327,0.3227555888857126,65.09062802497763,0.0,45.518604908250154,0.24732993695218347,12.327332341110422,-0.3177377332715321,0.5310063294245797,0.07503132341978842
-171,0,1,79,172.611166,0.033451,-16.37324563915859,-9.086603680626467,0.0,11.198475394859816,5.20459259450184,0.4145041368036985,0.3223799200541096,65.07292523530998,0.0,45.93126041781134,0.23674476400269073,12.34481067894309,-0.31509450181930093,0.5140463023678443,0.08293943942957553
-171,0,1,80,172.64462999999998,0.033464,-15.998311480211239,-8.91217021910302,0.0,11.212037906136542,5.2153710452538755,0.39613468088435044,0.3217621164968304,65.05412143627738,0.0,46.34465185501321,0.2262483030382612,12.361732291970267,-0.31219207224838474,0.49732734048899224,0.09046213297877932
-171,0,1,81,172.678089,0.033459,-15.622979627303131,-8.737424517788279,0.0,11.224990381028471,5.22612325054697,0.3781600556420092,0.32090838339528016,65.03428748044294,0.0,46.75853835154287,0.21585465469790316,12.378096161961224,-0.30904480149350855,0.48085852558440423,0.09760176844463295
-171,0,1,82,172.711547,0.033458,-14.870789937394374,-8.386936939166057,0.0,11.253640816218642,5.246830147479383,0.4093437548000915,0.3093258422490012,65.00346589463066,0.0,47.58812113671769,0.19528100856789235,12.412929531125906,-0.3046943915845866,0.5036591684065671,0.0731816021660709
-171,0,1,83,172.745,0.033453,-14.494791039902726,-8.210908775744384,0.0,11.253943783524385,5.285676332569086,0.41686368658843054,0.2862929072849299,64.84181158021946,0.0,48.00365218191123,0.18512867080230289,12.429732647140098,-0.3022768532781293,0.5009112312870317,0.07139331422916481
-171,0,1,84,172.77845,0.03345,-14.118114570407005,-8.033941463196909,0.0,11.267857902225533,5.295208129844908,0.41504462056993446,0.2836517119838034,64.8293288270953,0.0,48.419706453483855,0.17505715213788448,12.446441326763379,-0.29991522561989037,0.49810284614733324,0.06985037260824377
-171,0,1,85,172.811906,0.033456,-13.740906812631353,-7.856623265374285,0.0,11.281710956621657,5.304656387934547,0.413064610587659,0.28119562235033974,64.81710743982181,0.0,48.836392826256514,0.16506202578738316,12.463058022235641,-0.2976008017457846,0.49523324920261275,0.06854491591881039
-171,0,1,86,172.84535499999998,0.033449,-13.363316577749774,-7.679025839376992,0.0,11.295492250907868,5.314023534078977,0.41092777846203404,0.27891889890650284,64.80511513342549,0.0,49.25354615285935,0.1551457107975523,12.4795742507343,-0.2953266521571345,0.4923035582140713,0.06746996350791525
-171,0,1,87,172.878816,0.033461,-12.606598796799785,-7.322694741193797,0.0,11.319294323915564,5.334420829143557,0.3371022815810107,0.3103377238408385,64.76699991323625,0.0,50.0897358854924,0.13564231167376692,12.509986032816784,-0.2876091663294372,0.4403054127574258,0.1285863160639819
-171,0,1,88,172.91233799999998,0.033522,-12.226973272938396,-7.143688270321565,0.0,11.330195335092954,5.344955874403487,0.313415191887353,0.318043166119952,64.74466863424303,0.0,50.50933969060197,0.12607665859943348,12.524447669853865,-0.28300211266803493,0.422559221828474,0.14607250341382924
-171,0,1,89,172.94578299999998,0.033445,-11.847869474512477,-6.964735222837213,0.0,11.34029373547518,5.355707837270001,0.29060104009626636,0.3247613803250575,64.71992663657589,0.0,50.928452914520406,0.11669642824026585,12.53828824649098,-0.27784220874273097,0.405152423266126,0.16228507001599152
-171,0,1,90,172.979219,0.033436,-11.468543494546239,-6.785465608710871,0.0,11.349640195141111,5.366665673588791,0.26859765183662304,0.33053499960804095,64.69292250725042,0.0,51.34790639284014,0.1075000620104935,12.551548148422315,-0.27216188027592536,0.38804847446980373,0.17728996161783853
-171,0,1,91,173.012666,0.033447,-11.088793028781678,-6.6057656985311715,0.0,11.358266944801082,5.377804837799089,0.24737930996837418,0.33539261927115777,64.66382356121314,0.0,51.767931930647514,0.09849886450031783,12.56424523042281,-0.26599746730722673,0.37123717133551454,0.19112426183047052
-171,0,1,92,173.04609,0.033424,-10.709027977657401,-6.425812930565661,0.0,11.366191860738649,5.3890836682323044,0.22695454360112038,0.33935499468843283,64.63283846253714,0.0,52.188083543199646,0.08971733708664593,12.57637685496438,-0.25939429493707283,0.3547354426262467,0.2038027260695734
-171,0,1,93,173.07953799999999,0.033448,-9.948075980846868,-6.064629476372176,0.0,11.383742119830202,5.40804495383829,0.2596663174595637,0.26928929349557357,64.58913039351512,0.0,53.03022993123268,0.07266183486635208,12.600553661160296,-0.2501645573454607,0.3526791290188587,0.12651388642815664
-171,0,1,94,173.11298499999998,0.033447,-9.567188596594285,-5.883577661974927,0.0,11.392479085993768,5.416719833264527,0.26268269360266555,0.24962760739864848,64.57056936463259,0.0,53.45187678310512,0.0643617574345308,12.612247731449653,-0.24625319780628316,0.3465886788453635,0.10758184544227099
-171,0,1,95,173.146399,0.033414,-9.186384452623013,-5.7024238076941,0.0,11.401299488832423,5.424748678212224,0.26517876738244694,0.23112832523121588,64.55485237695666,0.0,53.87349478567303,0.056190166577504544,12.623727665688195,-0.2429569475323611,0.34055256345544216,0.08992208427561241
-171,0,1,96,173.179845,0.033446,-8.804919994609513,-5.520836224496825,0.0,11.410203389965073,5.432184947506701,0.26717263375310546,0.21372900547193785,64.54175225227301,0.0,54.295897338490406,0.04811139981971827,12.635017422127177,-0.2402279060215481,0.33455903867000386,0.07347066746782074
-171,0,1,97,173.21329799999998,0.033453,-8.423077609982142,-5.338969651532271,0.0,11.419167600494557,5.439058992870575,0.2686751464346572,0.19741818254457025,64.53109216173948,0.0,54.71876266800197,0.04011326523313215,12.646109828729378,-0.23802860295578243,0.32861266911527653,0.058212484641144285
-171,0,1,98,173.246729,0.033431,-8.041186834586474,-5.157000137313461,0.0,11.428168099186546,5.445401285390731,0.2696985505286056,0.18218285375948617,64.52269397627663,0.0,55.14171729950857,0.03218558433322746,12.65699702147308,-0.23632109643796717,0.3227185770733035,0.04413042831176966
-171,0,1,99,173.28017699999998,0.033448,-7.658801083703962,-4.974732494792741,0.0,11.437199600300014,5.4512545259014,0.2702573695621098,0.16797858679065777,64.51636689449636,0.0,55.56524796679138,0.02430333471658596,12.66769336385056,-0.23506476282023855,0.31686987575148384,0.031178265692841566
-171,0,1,100,173.313625,0.033448,-6.893301209040091,-4.609359486911843,0.0,11.452612410817139,5.468391587651435,0.23235569749764642,0.23914659910493868,64.47646507953156,0.0,56.41333531817223,0.008962623319854928,12.689142255272838,-0.22650919131262817,0.314769003607833,0.11179091028062482
-171,0,1,101,173.347075,0.03345,-6.510100003903455,-4.426270498263413,0.0,11.460247120843658,5.476536953046618,0.22418828077745082,0.24775264830565213,64.45814717494365,0.0,56.83796257905699,0.0014505865801309093,12.699613389329414,-0.22257769532353758,0.31130780351002696,0.12314404033652454
-171,0,1,102,173.38052199999998,0.033447,-6.126683171138249,-4.24291907824653,0.0,11.467613867331352,5.484957655609009,0.21637219048445602,0.25565692160450465,64.43821857028924,0.0,57.26290003313465,-0.005923082242672734,12.709967825956676,-0.21827999720617489,0.3078471084154439,0.13371230611686336
-171,0,1,103,173.413973,0.033451,-5.742979206462444,-4.059257992515759,0.0,11.474725781584453,5.493632272840884,0.2088982023560757,0.262876232288272,64.41679515495333,0.0,57.68823275717602,-0.013148092919954259,12.720207733514656,-0.21364111961838936,0.30438619405662226,0.14351487160023388
-171,0,1,104,173.447421,0.033448,-5.359076759717945,-3.875317580715258,0.0,11.481592709998468,5.50253631386084,0.20176029263874753,0.26942422806369526,64.39399844396657,0.0,58.11386788907852,-0.020211958723449,12.730330970504635,-0.20868738595733918,0.3009257846777527,0.15256663682827518
-171,0,1,105,173.480834,0.033413,-4.591367044660051,-3.5069892543283925,0.0,11.495175563783828,5.518188898121708,0.1987614522224525,0.22768218739318258,64.35694997193677,0.0,58.965253046723575,-0.0338968392464146,12.749478945305668,-0.20064042656937742,0.2795863532376991,0.11657280148326775
-171,0,1,106,173.514266,0.033432,-4.206972186601383,-3.3223336027020873,0.0,11.501760037355679,5.525620390399975,0.1951202652312651,0.21697483930248135,64.33966260730267,0.0,59.39164836988018,-0.040541007339738075,12.758691309726414,-0.1968774208175197,0.27154296692590535,0.10862508700752938
-171,0,1,107,173.547711,0.033445,-3.8222105187857416,-3.1373616891662954,0.0,11.508223216013263,5.532704909418757,0.19135583856823513,0.20675874730105478,64.32356733801318,0.0,59.818513186010044,-0.047066232836550245,12.767640074363177,-0.19337046260611856,0.26360897192814975,0.10117177928515447
-171,0,1,108,173.581156,0.033445,-3.43723568155267,-2.9521566936075887,0.0,11.514558531707268,5.539455885877977,0.18747500971089096,0.19702729018855214,64.30859365828245,0.0,60.24567287719739,-0.05347824556726983,12.776325368501585,-0.19010462878018053,0.2557875177794058,0.0942039002625978
-171,0,1,109,173.614602,0.033446,-3.05204049656382,-2.7667239523504397,0.0,11.520762365917019,5.545889534177373,0.18348310347341687,0.18776931555650705,64.29466588416713,0.0,60.673131479364784,-0.05978502777653325,12.78475120414883,-0.18706379992692485,0.24807837566696025,0.08770909590837042
-171,0,1,110,173.648048,0.033446,-2.666640937431322,-2.5810793544554493,0.0,11.526830907090948,5.552021311617931,0.1793856802185263,0.17897423788570527,64.28171135438159,0.0,61.10086760115674,-0.06599365254303598,12.792921081962144,-0.18423245103770197,0.24048178113353272,0.08167541386855007
-171,0,1,111,173.68143899999998,0.033391,-1.8966161609390908,-2.209836152969301,0.0,11.537922676545492,5.563641448582979,0.15909187591772356,0.16680282704305996,64.25641305830712,0.0,61.95562661057533,-0.07810591407228032,12.808038100726868,-0.17867811466995204,0.21688649035083268,0.07986174966029741
-171,0,1,112,173.71488499999998,0.033446,-1.5106596359871183,-2.0236038202029167,0.0,11.543110097604531,5.569109641807505,0.15111917520951726,0.16021724799841627,64.24446632890866,0.0,62.38412367496399,-0.08403775450460935,12.815123121144815,-0.17604635126168292,0.20681054570617025,0.07753587599743973
-171,0,1,113,173.748333,0.033448,-1.1245118327125723,-1.837179317945162,0.0,11.548032589132672,5.574361244659158,0.143232316646878,0.15383187840485107,64.23288966777591,0.0,62.81287774415459,-0.08988319446311356,12.821874326016761,-0.1734898655844285,0.19690089123625965,0.0753505712840344
-171,0,1,114,173.78176299999998,0.03343,-0.7384125816678886,-1.650681383171857,0.0,11.552690308967227,5.579399922771121,0.13543754192215765,0.14764721930708302,64.22166715908821,0.0,63.24162120614687,-0.09564124368579087,12.828293495069671,-0.1710054896102056,0.1871633326198657,0.07330349661753509
-171,0,1,115,173.815216,0.033453,-0.3518970426902761,-1.4638881688803886,0.0,11.557091877210954,5.584238358153624,0.12772689988497013,0.14165255401722845,64.21076317534433,0.0,63.67086904185199,-0.10132123655227764,12.834394008783354,-0.16858566450216067,0.17758596471171975,0.07138862453274389
-171,0,1,116,173.84864299999998,0.033427,0.03446000321886474,-1.2770799984404104,0.0,11.561233898095603,5.588875927804141,0.12011325988816159,0.13585346445288313,64.20017236468249,0.0,64.09998178560623,-0.10691700410225567,12.840172550598814,-0.16622952118142226,0.16818279343446438,0.0696051979137761
-171,0,1,117,173.88206499999998,0.033422,0.8074986849805644,-0.9030466784836411,0.0,11.570260427780156,5.598160728745381,0.13471352218579782,0.13625404644162487,64.18042198360584,0.0,64.95868401971153,-0.11788062942992725,12.852398129538466,-0.16184014136965258,0.18142220789376365,0.06344444924649566
-171,0,1,118,173.915505,0.03344,1.1944641539224092,-0.7158261063592825,0.0,11.574798627258788,5.602693088837572,0.13670518416092303,0.1348004961446448,64.17105052073533,0.0,65.38856986356862,-0.12325752232258567,12.858484001175523,-0.15975700552201377,0.18255293862286676,0.06117574957846379
-171,0,1,119,173.948951,0.033446,1.5817040612551225,-0.5284301864741466,0.0,11.579402706450908,5.607177908722968,0.13858455794846875,0.133403434341658,64.16200630515559,0.0,65.81873702496911,-0.12856693597092736,12.86460754298084,-0.15774632583340592,0.18360950271389734,0.05908852810230977
-171,0,1,120,173.982398,0.033447,1.9691097784285128,-0.34087776318091356,0.0,11.584067343303158,5.611618235656241,0.14031844614979364,0.13213120840074125,64.15326641818042,0.0,66.24912244220218,-0.13381039045344037,12.870765363427397,-0.15580242786918203,0.18459171886770004,0.05717801341093188
-171,0,1,121,174.015827,0.033429,2.356463053143275,-0.15327691352478567,0.0,11.588785017194589,5.616015677181592,0.1419082715917002,0.13097985392025507,64.14480946851364,0.0,66.67948257043473,-0.13898709322778838,12.876951453165267,-0.1539205442041982,0.1854990858207902,0.05544002014798744
-171,0,1,122,174.04927099999998,0.033444,2.7441480234367703,0.03455624924716169,0.0,11.593555628006452,5.620378523622632,0.1433579205920605,0.12994362441642773,64.13660173890311,0.0,67.1102432341335,-0.14410410780374183,12.883169428360548,-0.1520931577512954,0.18633250930089482,0.053867671662336594
-171,0,1,123,174.08272699999998,0.033456,3.5203443835808566,0.4107676262092413,0.0,11.604016238883599,5.627543325037549,0.16088147116536294,0.09994645144986629,64.12823191238762,0.0,67.97274741728445,-0.1542196257712076,12.895730421165373,-0.1502453063454614,0.18860582525239522,0.019206514534565185
-171,0,1,124,174.116176,0.033449,3.90860576037592,0.5990006137914847,0.0,11.609488604255313,5.630737682059311,0.1662472761834007,0.0911794610052842,64.12607256048096,0.0,68.40420238182725,-0.159236387307432,12.902054079561372,-0.1497765821828816,0.1894889533721378,0.008968282058792139
-171,0,1,125,174.149629,0.033453,4.297098757425447,0.7873598759549145,0.0,11.615133389722638,5.633651777550874,0.1711522768453835,0.08316460768848445,64.12536848508282,0.0,68.83592097988239,-0.16424363131775824,12.908406765268397,-0.14963553764014786,0.19029602017126795,-0.00039115885099464147
-171,0,1,126,174.183077,0.033448,4.68572433446131,0.9757857660625191,0.0,11.620933811606898,5.636309679191537,0.17560566717759007,0.0758830376728997,64.12598898828186,0.0,69.26778795779721,-0.1692504842234321,12.91478422056442,-0.14979315657570783,0.19102681193639037,-0.008892785663208998
-171,0,1,127,174.216524,0.033447,5.074533896360105,1.1642926456907519,0.0,11.626875617185684,5.6387359077255,0.17961859211357312,0.06931270957055997,64.12780670158061,0.0,69.6998557222467,-0.1742670582266557,12.921184654190837,-0.1502211266203517,0.19168143655236575,-0.01656129825463087
-171,0,1,128,174.24997199999999,0.033448,5.463555180846526,1.3528844361097252,0.0,11.632944608669822,5.640954040288413,0.18320178200298612,0.06343225708473244,64.13069836361352,0.0,70.13215084157326,-0.17930223482007182,12.927605901909812,-0.15089200751895607,0.19225993316318993,-0.023420607452602295
-171,0,1,129,174.283423,0.033451,6.24225457923581,1.7303043095380146,0.0,11.644034802146718,5.64430922149131,0.16218452391480687,0.04267260333418342,64.13875659560907,0.0,70.99743428878014,-0.18945456953881862,12.93902800935836,-0.15273255859727658,0.16418240965224043,-0.032598237397572775
-171,0,1,130,174.316879,0.033456,6.63192899750168,1.9191174552713164,0.0,11.649360149221021,5.645606486217956,0.15614742767001877,0.03497367672873148,64.1438709772423,0.0,71.4304126380402,-0.19458344120696475,12.944372556307215,-0.15389479200305617,0.15534194119405267,-0.036786670813445464
-171,0,1,131,174.35032999999999,0.033451,7.021719087996969,2.107943253648588,0.0,11.65448106782948,5.646655570330323,0.15001074056786498,0.027843331253721206,64.1495748982255,0.0,71.86350013029697,-0.19975266086545634,12.949423341566872,-0.15518766452678373,0.14666645599378367,-0.04042208372665916
-171,0,1,132,174.38375299999998,0.033423,7.4113497269533966,2.2966438473518727,0.0,11.65939110097214,5.647474832716652,0.14378595553447265,0.021271384244197063,64.15578253033138,0.0,72.29638903591774,-0.20496267698990234,12.954182791867979,-0.15659191060795496,0.13816167697003556,-0.04351871851004415
-171,0,1,133,174.41719799999998,0.033445,7.8013967827650665,2.485494168091857,0.0,11.664094649242847,5.6480838059118925,0.13747091336782766,0.015233602880085916,64.16242448967812,0.0,72.72971738729966,-0.210224737382618,12.958663573183506,-0.15809194206748173,0.12981483716388395,-0.046097284043922895
-171,0,1,134,174.45064499999998,0.033447,8.191620117217893,2.6743745600059308,0.0,11.668585911148071,5.648499674173849,0.13107642791038224,0.009719919299597224,64.1694212182942,0.0,73.1632168863927,-0.21553863305111126,12.962868173356874,-0.1596698317051709,0.1216311040114908,-0.04817161659480962
-171,0,1,135,174.48409099999998,0.033446,8.972564198872432,3.052233834184045,0.0,11.676935104771722,5.649815209060642,0.11856977962050545,0.019293610795871875,64.18025916800522,0.0,74.03070491063944,-0.2263004889389531,12.970926944357213,-0.16210965958626575,0.11471983952189911,-0.03401586453933203
-171,0,1,136,174.517543,0.033452,9.363262413297349,3.241209041907676,0.0,11.68079872039615,5.650483588828415,0.11243916155557185,0.020668398342389253,64.18503293491133,0.0,74.46467163449911,-0.2317416718538104,12.97468286602348,-0.1631810655201659,0.1098495285292441,-0.03004554723925227
-171,0,1,137,174.55099299999998,0.03345,9.754062265107267,3.430197776523672,0.0,11.684458485561766,5.651198054225963,0.10639534690376569,0.022051241125221038,64.18922898610815,0.0,74.89873533496119,-0.2372161515167526,12.978277009428401,-0.164120125048204,0.10506042353185596,-0.026106887065520595
-171,0,1,138,174.58441599999998,0.033423,10.144664761338367,3.6190603055241435,0.0,11.687914829359267,5.651958257824773,0.10044349461087854,0.023439583365554073,64.19285016612584,0.0,75.3325660891424,-0.2427153922805325,12.981709600969857,-0.16492738595194012,0.10035599863474629,-0.022204474565151
-171,0,1,139,174.617854,0.033438,10.535554020855363,3.808035497532806,0.0,11.691175128282426,5.6527653259603445,0.09457683289628915,0.024833654216747027,64.19590676174352,0.0,75.76670373302696,-0.2482419249027591,12.984987742473372,-0.16560506745101258,0.09573029864156457,-0.018335076002443915
-171,0,1,140,174.65130599999998,0.033452,10.926711934907132,3.997119298739338,0.0,11.694241980737544,5.653619440591764,0.08879640649271094,0.026231905388668816,64.19840357784238,0.0,76.20113025406191,-0.2537912875248622,12.988113838207546,-0.16615417191009224,0.09118356707253335,-0.014500541727265746
-171,0,1,141,174.68476199999998,0.033456,11.318015187858819,4.186256775457087,0.0,11.697117293082558,5.654520479118486,0.08310477043652863,0.027632407447932876,64.20034525372236,0.0,76.6357107847224,-0.25935754664282884,12.991089537049795,-0.16657568026780809,0.08671722841628923,-0.010703738077364229
-171,0,1,142,174.718209,0.033447,12.100688075399601,4.564688163691227,0.0,11.703805494801015,5.660589399161496,0.09475774269571575,0.08976316221116794,64.18909350711102,0.0,77.50500111333635,-0.2703797547025045,12.999785876663752,-0.1640200198985927,0.12489797594964874,0.03968021521608732
-171,0,1,143,174.751656,0.033447,12.492207942179698,4.754050939919257,0.0,11.70698326400939,5.6638292643849315,0.09529081759410987,0.10382800834212506,64.18233950619255,0.0,77.93987608359954,-0.27584119616759234,13.00407697687606,-0.162484028079754,0.13165761086903335,0.052027190201171386
-171,0,1,144,174.785115,0.033459,12.883974128410594,4.943599505785518,0.0,11.710183014359005,5.667526997482021,0.09600209420587871,0.11706534199238947,64.17381698761649,0.0,78.37505442273817,-0.2812464381048101,13.008592267929021,-0.1605481352959543,0.1382068536085955,0.06355432334893017
-171,0,1,145,174.81857399999998,0.033459,13.275846979624808,5.133280764002858,0.0,11.713409421779863,5.671653947813297,0.09688279881432202,0.12948718861563943,64.16365071171161,0.0,78.81038746523865,-0.28658060579538713,13.013323129127908,-0.15824007991665634,0.14454324079959407,0.07427628777383176
-171,0,1,146,174.852023,0.033449,13.667710311355838,5.323051866332312,0.0,11.716667031795343,5.6761817070417475,0.09792398192503678,0.14110741493411574,64.15196418950055,0.0,79.24575212209922,-0.29183013828479215,13.018260931880183,-0.15558732209719126,0.15066497408114662,0.08420948240865227
-171,0,1,147,174.885396,0.033373,14.449928058489528,5.702171193913043,0.0,11.721327841579658,5.684702817015919,0.06176050733666388,0.1305511898081742,64.12717349330084,0.0,80.11494252637097,-0.3020335493851463,13.026238635616423,-0.14993163626513342,0.1135931946703293,0.09092270900721647
-171,0,1,148,174.918849,0.033453,14.842078767385722,5.892405032778613,0.0,11.723209572519647,5.68906739180987,0.05080273618092231,0.13034111307998938,64.11351667849071,0.0,80.55077099232673,-0.30699743898538945,13.029872496173075,-0.14681009244284016,0.10369480583212487,0.09563102190354063
-171,0,1,149,174.952304,0.033455,15.234308982237419,6.082797819009416,0.0,11.724731137378324,5.693420690723156,0.04022166299305534,0.12986299432852214,64.09922042448562,0.0,80.9867415901425,-0.3118546327738717,13.033179057058309,-0.1435377024338357,0.09401364898149446,0.09993107998068888
-171,0,1,150,174.98574399999998,0.03344,15.626407525715319,6.2732521867138,0.0,11.725904511741085,5.697751699284237,0.030017941738844554,0.1291262355281547,64.08435067396874,0.0,81.4226218893609,-0.316597915228947,13.03616411031078,-0.14012970495764318,0.08455451660672174,0.10383100703881701
-171,0,1,151,175.019195,0.033451,16.018667830548,6.463915367347806,0.0,11.726743061540448,5.702055278489771,0.020179068281949736,0.1281393154289478,64.0689527024502,0.0,81.85874018776727,-0.32122662909320315,13.038837317460311,-0.13659662933073782,0.07531001505977754,0.10734398004082502
-171,0,1,152,175.052641,0.033446,16.410891275885014,6.654695101470411,0.0,11.727258534296986,5.706321154493568,0.010705344843137211,0.12691164272554661,64.05308888998016,0.0,82.29487757005953,-0.3257345988336871,13.041204597817945,-0.13295294774617608,0.06628462467655549,0.11047828600223854
-171,0,1,153,175.086097,0.033456,17.195736897176953,7.03701060008232,0.0,11.728260599676084,5.720009183727299,0.04944509434800814,0.14781535370159216,64.00096972775953,0.0,83.16772505552504,-0.33440437587164973,13.048168241273418,-0.12612415812533156,0.11022227421060644,0.10139726970498568
-171,0,1,154,175.11954699999998,0.03345,17.588083134491434,7.228415422960965,0.0,11.730095262725705,5.725007995093012,0.0602069244622627,0.15105080915931723,63.98477779303046,0.0,83.60425002601633,-0.33856686234177563,13.052041229188909,-0.12276468568693343,0.12129993815382765,0.0994727782917382
-171,0,1,155,175.153001,0.033454,17.980547934714856,7.420003384223669,0.0,11.732285794561527,5.730113998501055,0.07070710756025318,0.15418787966139239,63.96885806308042,0.0,84.04096291837847,-0.3426185237174992,13.056280619876357,-0.11946872448055644,0.1320994457338602,0.09757626551601582
-171,0,1,156,175.186458,0.033457,18.373131350847682,7.611772311705074,0.0,11.734823446373722,5.735323764048992,0.0809454177015648,0.1572260931367626,63.95320828422692,0.0,84.477862809056,-0.3465613267618292,13.06087704999119,-0.11623545518042824,0.14262038641071564,0.09570744054498173
-171,0,1,157,175.219913,0.033455,18.765786185042483,7.803696946240392,0.0,11.737699065172679,5.740633195425347,0.09092048353062139,0.16016464385171345,63.93782796240134,0.0,84.91489618711877,-0.35039676899301564,13.06582049707848,-0.11306443781692803,0.15286117534402197,0.09386622753625753
-171,0,1,158,175.253382,0.033469,19.158711460210274,7.9958724492118325,0.0,11.740905418016856,5.746041549211264,0.10063710500698762,0.16300453619916314,63.92270701256333,0.0,85.35228362244061,-0.3541286894901843,13.071104153724379,-0.10995327448076114,0.16282655982298797,0.09205140407441717
-171,0,1,159,175.286833,0.033451,19.944503651168045,8.38053708753456,0.0,11.747241198698983,5.75649173999817,0.09903326049440785,0.15587789828087764,63.89379479504338,0.0,86.2271464835998,-0.3612858893981516,13.081439206027097,-0.10402515126158983,0.1582136615669699,0.08637299363425084
-171,0,1,160,175.32028,0.033447,20.337505962421133,8.57308697592187,0.0,11.750595308202978,5.761682481865709,0.10151071421963066,0.15451321829200412,63.8798497047917,0.0,86.66477018185769,-0.3647173455495157,13.08675814033209,-0.10117556746461033,0.15982335511875181,0.08403380912321579
-171,0,1,161,175.353727,0.033447,20.730626178554598,8.765800882788007,0.0,11.754030411154115,5.7668280748004594,0.10387647560571409,0.1531779194032183,63.8662494044545,0.0,87.10257266668935,-0.3680547858338533,13.092129460518622,-0.09840294539740652,0.16134613273277376,0.08177070647556799
-171,0,1,162,175.38717699999998,0.03345,21.123902232077633,8.958694611890975,0.0,11.757543102539342,5.7719299321381365,0.10613148142860011,0.15187039155845147,63.85298152394504,0.0,87.54059493428034,-0.37130102925664554,13.097550747855497,-0.09570452932123362,0.16278211929914324,0.07958183529168794
-171,0,1,163,175.420591,0.033414,21.516877943558594,9.151541554457747,0.0,11.761125480257213,5.7769830770988735,0.10827400506371121,0.15059062663683875,63.84005010548783,0.0,87.9783276225221,-0.3744548707167036,13.10301270631619,-0.09308089792630313,0.16412976916650887,0.07746798300305288
-171,0,1,164,175.45401199999998,0.033421,21.910061270646214,9.344588233315559,0.0,11.764778392983121,5.781994924684774,0.11030768513999711,0.14933545287884345,63.827427402594274,0.0,88.41633531245645,-0.37752284661228286,13.108519403644575,-0.09052618050422391,0.16539092958300855,0.0754246810331704
-171,0,1,165,175.487465,0.033453,22.697493642024472,9.731474480597438,0.0,11.770987018624556,5.790844094415315,0.08840055439004388,0.12611605821065597,63.80470100286381,0.0,89.29365843516516,-0.3834259128403279,13.118026470918895,-0.08597805954795823,0.13541826176446198,0.06443659506424174
-171,0,1,166,175.520919,0.033454,23.091640109519677,9.925281556673504,0.0,11.773834047923277,5.794937168966076,0.08133842604961397,0.1195935508911321,63.794152676769066,0.0,89.73258293963896,-0.38626690902269767,13.122401748309372,-0.08388883280343715,0.1261794433135058,0.06049797229449376
-171,0,1,167,175.55436799999998,0.033449,23.485436373665134,10.119326093911265,0.0,11.77644676815002,5.798813057543349,0.07489329937797884,0.11219695877469049,63.78401002380221,0.0,90.17158304365985,-0.38903976970822834,13.126470169256757,-0.0819283529602376,0.11710963320288112,0.056756466192573365
-171,0,1,168,175.58781299999998,0.033445,23.879274273020876,10.313462867522437,0.0,11.77884470502471,5.802445247594203,0.06851343682267652,0.10504755296822187,63.77441339099159,0.0,90.61066166878416,-0.3917487909417467,13.130237584570768,-0.08009000650777853,0.10820849262918557,0.05320776013895992
-171,0,1,169,175.621262,0.033449,24.273240885249226,10.507730305670934,0.0,11.781030619964154,5.805842785598047,0.06219913149841402,0.09813994357157996,63.76533157781075,0.0,91.0499138829299,-0.3943985916000501,13.133710501407231,-0.07836698819834909,0.0994738924513042,0.049846879551002365
-171,0,1,170,175.65471,0.033448,24.667270276198266,10.702091646590551,0.0,11.783006406350749,5.8090131866883254,0.05595315578684025,0.09147151627888726,63.75673782172199,0.0,91.48926427074167,-0.39699252787351164,13.13689396697219,-0.07675334358408194,0.09090716087727774,0.046670226386214105
-171,0,1,171,175.68812799999998,0.033418,25.454866667767966,11.090712052825154,0.0,11.787703001798882,5.8139979949595615,0.07034646771473176,0.06563718606236489,63.746300753331795,0.0,92.36750579082418,-0.4020648605436866,13.143320695476175,-0.07507223108356609,0.09222344660367725,0.017111487529311645
-171,0,1,172,175.721546,0.033418,25.848786625316354,11.285122571114423,0.0,11.79008884647977,5.816033326260428,0.07238721132100304,0.05629346661408119,63.74294489654873,0.0,92.80678033790501,-0.4045658330263754,13.146363181616543,-0.07465759904772439,0.08986829842580782,0.007835222740511887
-171,0,1,173,175.755,0.033454,26.24321687446713,11.479795421333002,0.0,11.792540163784759,5.817770065701128,0.07410847490254845,0.04765226348192608,63.74088357512524,0.0,93.24662862523206,-0.4070606662528575,13.149330623904277,-0.07453988930724006,0.0875411228393191,-0.0006695933094227949
-171,0,1,174,175.78841699999998,0.033417,26.637298653147617,11.674296149352829,0.0,11.795041019601888,5.819227910431509,0.07551604651361198,0.039713180235782505,63.74000821604041,0.0,93.6860882567063,-0.40955341428430386,13.152217569378353,-0.07469360997821067,0.08524699660818318,-0.008405894153186029
-171,0,1,175,175.821867,0.03345,27.031859026270666,11.869023283195963,0.0,11.797586366787398,5.820432823263898,0.07662247455237226,0.03244021895849644,63.74020688926232,0.0,94.12607720196672,-0.41205795862985833,13.155031099367664,-0.07509398514644038,0.08298110865673022,-0.015411505288090712
-171,0,1,176,175.85531799999998,0.033451,27.426521915792968,12.063782445545097,0.0,11.800163872156116,5.821405490648685,0.07743579039872318,0.025822113299564926,63.74137436594908,0.0,94.56617215561208,-0.41457975579074463,13.157769426578175,-0.07571666459664533,0.08074567316668123,-0.021700093431571494
-171,0,1,177,175.88876299999998,0.033445,28.215959286098556,12.453364710597825,0.0,11.805437895860495,5.8255492575606205,0.0800625477156431,0.06858076196944332,63.73535602531261,0.0,95.44649047179999,-0.4196161297540166,13.164336503335551,-0.07504993158695646,0.10223422390380656,0.015345567774469769
-171,0,1,178,175.922214,0.033451,28.61090187627336,12.648288050738223,0.0,11.80813897037751,5.828025431497847,0.0814507837996952,0.07936400304997566,63.73089500515089,0.0,95.88690903074429,-0.42211633032602563,13.167858344028243,-0.07438417532981026,0.10830383014936092,0.024358555307511246
-171,0,1,179,175.955649,0.033435,29.00551231492685,12.842977925950864,0.0,11.815161348320299,5.82218458849875,0.082352975555544,0.09081188760614362,63.76719764675709,0.0,96.32723801681743,-0.42458815530763244,13.171578473141144,-0.07342748313170522,0.1141961453845252,0.03277007441740996
-171,0,1,180,175.989104,0.033455,29.400839380164204,13.037802694142476,0.0,11.817943109315486,5.825384476936393,0.08396251462260186,0.10038419326860928,63.76006279538027,0.0,96.76795815630915,-0.4270248449669062,13.175495095498441,-0.0721985293851882,0.11991748266137758,0.040602798599158135
-171,0,1,181,176.022558,0.033454,29.79625438009708,13.232722225956735,0.0,11.820780286183515,5.828894629969262,0.08566989403604586,0.10936838880705828,63.75182898720984,0.0,97.20879931600658,-0.4294160729427155,13.179600079865184,-0.07071715723201155,0.1254641019753465,0.04786504153173318
-171,0,1,182,176.05601199999998,0.033454,30.191771049139493,13.427752389932934,0.0,11.82367613450081,5.832695679194714,0.08746909286633252,0.11777705773989919,63.742579343089126,0.0,97.64978087509881,-0.4317537836967442,13.183887701231312,-0.06900218099766621,0.1308361769510637,0.054570776009423665
-171,0,1,183,176.08943299999999,0.033421,30.98243681673806,13.817815584416643,0.0,11.830626219417006,5.8406987300389055,0.11039932713521823,0.1256868380569184,63.72476372778948,0.0,98.53141647142502,-0.43626233486072974,13.193678702264634,-0.06573203209862903,0.15488997932265966,0.05136752420739317
-171,0,1,184,176.12288099999998,0.033448,31.378244243559177,14.013178873421202,0.0,11.834451754112067,5.844987312976548,0.11831834373158752,0.13071169438714952,63.71542229925269,0.0,98.97280703120244,-0.4384320253483658,13.199016224006336,-0.06399787246886308,0.16422348543328008,0.05230678144626256
-171,0,1,185,176.156328,0.033447,31.774178007248707,14.208670771120158,0.0,11.838539269523656,5.849440401200924,0.1260714051800696,0.13553165860681218,63.70595202120717,0.0,99.41436809206544,-0.4405431446792221,13.204661750600538,-0.0622341986567684,0.17331701129323288,0.05313588571536726
-171,0,1,186,176.189743,0.033415,32.1698796065508,14.404115256948076,0.0,11.842879037693885,5.8540468257274725,0.13365045286443228,0.1401448304686609,63.696378449971085,0.0,99.85570028129251,-0.44259289657107354,13.210601590437829,-0.06044632313615755,0.18216248329546733,0.053856790928582504
-171,0,1,187,176.223179,0.033436,32.565985084334585,14.599827401889131,0.0,11.84747222445887,5.8588070903215925,0.14106647162120045,0.14456089163467686,63.68670264693282,0.0,100.29751339754198,-0.44458375510208686,13.216837010832412,-0.05863497264887524,0.19077404956357247,0.05447325387673327
-171,0,1,188,176.256629,0.03345,32.96242006606047,14.795771382973538,0.0,11.852312628016394,5.863713779998255,0.14831652526213235,0.14878087030833168,63.676942286453674,0.0,100.73972489740294,-0.44651451917988294,13.22335915099651,-0.05680395879788665,0.19914953113070116,0.05498754356108576
-171,0,1,189,176.290066,0.033437,33.755463186464475,15.187982211589043,0.0,11.860003544242687,5.873420136838753,0.10930150723415824,0.14620974620749966,63.65404295309031,0.0,101.62444711457321,-0.45016463543630825,13.234576221478116,-0.0523489365516014,0.1631134703569036,0.07010888214009324
-171,0,1,190,176.323522,0.033456,34.15238519836268,15.384414869911321,0.0,11.863494459177277,5.878310225704304,0.09944575801694995,0.14606401811246933,63.64178351678479,0.0,102.0673127196118,-0.45187596786603207,13.239884395727733,-0.04993075520178986,0.15423830486807258,0.07437330620227303
-171,0,1,191,176.35697299999998,0.033451,34.549365117825396,15.580969744103589,0.0,11.866661215222429,5.883189173992876,0.08995063633261989,0.14558924965883513,63.628954219910085,0.0,102.510284755969,-0.45350385942253546,13.244897832227883,-0.04737792414569538,0.14553883354445912,0.07818316419071909
-171,0,1,192,176.390405,0.033432,34.94622607017479,15.77756387219531,0.0,11.86951474353066,5.888044143123797,0.0808141683250297,0.14479723041691273,63.61562559244836,0.0,102.95316791927006,-0.4550434581561943,13.249620575576852,-0.04470661602806558,0.13701850969698112,0.08154986270377337
-171,0,1,193,176.42385199999998,0.033447,35.34336142811905,15.974396270635854,0.0,11.872069727764615,5.892869639225519,0.07202143424744216,0.14369845134295903,63.60184678429085,0.0,103.39640305512724,-0.4564925775587282,13.25406330872023,-0.04192868048291163,0.1286686369776655,0.0844894212272326
-171,0,1,194,176.45728799999998,0.033436,35.74045267715019,16.171312726956344,0.0,11.874335662837176,5.897651850455052,0.06357376754737366,0.1423049456155933,63.58768908387976,0.0,103.83963630855256,-0.4578467876369074,13.258228353356499,-0.03906037834571216,0.12049573741533307,0.08701198900528632
-171,0,1,195,176.490736,0.033448,36.53509059846662,16.565702725244712,0.0,11.878931452359721,5.907519905394517,0.06500401958137816,0.14791168939378482,63.55834907605162,0.0,104.72675922616747,-0.460260454222503,13.266752031000832,-0.033082176904980984,0.12429508313740731,0.09136353378261196
-171,0,1,196,176.524192,0.033456,36.932664130968604,16.763194285310533,0.0,11.881071577457737,5.912482906466679,0.0629562710728876,0.1487291632799114,63.54327772575231,0.0,105.17068097184948,-0.46131579965468594,13.270886033433106,-0.0299972592893193,0.12283553170986528,0.09299995371231622
-171,0,1,197,176.55765499999998,0.033463,37.33039734282136,16.96088176432246,0.0,11.883145965874814,5.9174695897167044,0.061047678924838505,0.14926638490303537,63.52799777754211,0.0,105.6148331325765,-0.46226726710301597,13.274972045697169,-0.026862194019212554,0.12137513416025734,0.0943236448211047
-171,0,1,198,176.591115,0.03346,37.728169264852724,17.158706709080576,0.0,11.885158588867991,5.922469222245727,0.05927481608605492,0.14953126278311016,63.51255835015716,0.0,106.05908136874758,-0.4631130708472758,13.279008819886906,-0.02368823244278683,0.11991432681321189,0.09534321666431458
-171,0,1,199,176.624538,0.033423,38.12583548007325,17.35687711215167,0.0,11.887235099556479,5.9272208110541635,0.06355504315240318,0.13766476280878423,63.49820875950971,0.0,106.50297238674592,-0.4638514005347536,13.282992323626791,-0.020488669864328426,0.11845459502081473,0.09606722099099999
-171,0,1,200,176.657986,0.033448,38.52342925716888,17.55529941973893,0.0,11.889335417766072,5.931821735436568,0.06205292214236074,0.13740238660909898,63.48449494720798,0.0,106.94732790317066,-0.46448287209071654,13.286929954579488,-0.017267288227668712,0.11699323125669055,0.09650620606049261
-171,0,1,201,176.691434,0.033448,39.31876153772415,17.952499211661134,0.0,11.89301237585996,5.938465387395844,0.05140587445671987,0.08762622011017603,63.46594709319721,0.0,107.8363273917723,-0.46549305143629466,13.293191817464702,-0.012877645207596855,0.08519149928411042,0.056762314151410406
-171,0,1,202,176.72488199999998,0.033448,39.7165390483151,18.15127109823456,0.0,11.894660259391653,5.94114083212556,0.04710902791779693,0.0724746918064208,63.45880453133161,0.0,108.28100373460823,-0.4658942321354008,13.295862972448733,-0.011175480635830815,0.07456700379363874,0.04513735950065435
-171,0,1,203,176.758332,0.03345,40.11439231539141,18.350137456010803,0.0,11.896162626511128,5.943322020530718,0.04270067191744043,0.05806228049738136,63.45328959585213,0.0,108.72579011865456,-0.466244867950982,13.298182764984338,-0.009850137000856962,0.06417373599551301,0.03422311249793051
-171,0,1,204,176.791778,0.033446,40.51224504312031,18.549046482278563,0.0,11.897515622973343,5.945033109334309,0.03818894977419364,0.04437685750789733,63.44930048714579,0.0,109.17059512783985,-0.46655711112062015,13.300158564684558,-0.008878300735573367,0.0540135393587513,0.024005086276817824
-171,0,1,205,176.825225,0.033447,40.91015165857322,18.748012591396012,0.0,11.898716118968538,5.946298430649393,0.03358054316652321,0.031401632096958794,63.4467364375017,0.0,109.61547388186428,-0.46684244635042405,13.301798467166243,-0.00823680999390144,0.04408486379663997,0.014465279430061404
-171,0,1,206,176.858668,0.033443,41.308047522641964,18.946991518688595,0.0,11.899760849701885,5.947141372991399,0.028883494210552734,0.019123804364492247,63.44550033313767,0.0,110.06034876287744,-0.46711150590331474,13.303110024662947,-0.007903300320942224,0.03438916236034529,0.005588650245548052
-171,0,1,207,176.892114,0.033446,42.104003224064435,19.345042018037045,0.0,11.90183481641281,5.947883277162083,0.028378256524037467,0.001010945839661488,63.44663513062128,0.0,110.95028662538384,-0.46764021757853397,13.305296775920912,-0.008073449640707596,0.0258305017620609,-0.010381877547273927
-171,0,1,208,176.925527,0.033413,42.50164181475201,19.54388330782907,0.0,11.90275005751549,5.947764623250762,0.026384597629666783,-0.008025022411979955,63.44885391842257,0.0,111.39486983542211,-0.467917133124414,13.306062151564992,-0.008541894865009284,0.020003532585953145,-0.017569721249686608
-171,0,1,209,176.958973,0.033446,42.8997019116602,19.742913477660057,0.0,11.903597443168042,5.947352282882324,0.02426747117648016,-0.016545537767882423,63.45207307370872,0.0,111.8399145086526,-0.4682139203932754,13.306635406483025,-0.009242544817060225,0.01429692838163686,-0.0242414433000598
-171,0,1,210,176.992382,0.033409,43.29734803976506,19.941706463161196,0.0,11.904371248268953,5.9466644935112045,0.022036844346554403,-0.024543862914491597,63.45621134293649,0.0,112.28448282695834,-0.4685374015217167,13.307019585837562,-0.01015663009530675,0.008722610028424418,-0.030395478000389994
-171,0,1,211,177.02583199999998,0.03345,43.69550609514245,20.140717431016068,0.0,11.905069480532726,5.945716581908457,0.01969301183142736,-0.0320495992015565,63.46120595204728,0.0,112.72960648882217,-0.4688952246274058,13.307219770045746,-0.011269445264013838,0.003267585792806398,-0.03605842577051339
-171,0,1,212,177.05927499999999,0.033443,44.09360214897336,20.339652372372623,0.0,11.905687419196946,5.944526131058839,0.017244693169353592,-0.039062232798489145,63.4669802574217,0.0,113.17464066788699,-0.4692932602795722,13.30723960901953,-0.012563224407823594,-0.002060124148407938,-0.04123372762738952
-171,0,1,213,177.092719,0.033444,44.88984154467074,20.737597979336094,0.0,11.906206767382233,5.947532814775268,0.004136122182335789,0.06517456901292978,63.45639846330143,0.0,114.06478521769428,-0.47004280042598245,13.309049775486221,-0.01001219842336193,0.03286880783773258,0.05784801074674536
-171,0,1,214,177.126161,0.033442,45.28795260039783,20.936653044993726,0.0,11.906281472075799,5.950192222339592,0.0004523319432788486,0.09354370198097675,63.446301091056725,0.0,114.50988660326932,-0.4703401475009283,13.31030683003461,-0.0076200669292802855,0.04227064744386028,0.08486644230960393
-171,0,1,215,177.15959999999998,0.033439,45.6860277758109,21.13579609088705,0.0,11.906244978106601,5.953767365795526,-0.002518101874581398,0.11996694291728799,63.43246623230184,0.0,114.95499530567295,-0.4705427613566377,13.31187426028437,-0.004359252108260731,0.051439254612617676,0.10982561169232667
-171,0,1,216,177.193052,0.033452,46.08425420751865,21.335152021858168,0.0,11.906120699451552,5.958196092382902,-0.004798895687797361,0.14450118649753185,63.41518046262644,0.0,115.40033458276832,-0.47062276267403763,13.313745179238857,-0.00029578652651036805,0.060378912112023966,0.13278700796406076
-171,0,1,217,177.2265,0.033448,46.48242695628585,21.534647030324624,0.0,11.905931390516965,5.963413725525791,-0.00641122750642753,0.16717832536497948,63.39473909119155,0.0,115.84568814072699,-0.470554371051046,13.315910981486924,0.004502288594044887,0.06908498305351006,0.15378862524647285
-171,0,1,218,177.259939,0.033439,46.8804846902909,21.734276562665684,0.0,11.90569907764669,5.969357792864167,-0.007377850403716509,0.18804115716970402,63.371427742544036,0.0,116.29099910185242,-0.4703141929962653,13.318363397987094,0.009969245860454633,0.07755630154499182,0.1728789145819728
-171,0,1,219,177.29339399999998,0.033455,47.67695478634542,22.134219276017113,0.0,11.905724594531485,5.978631310638144,0.0020720994178613137,0.1366348855170686,63.33582493935661,0.0,117.1822442520322,-0.46938137307429795,13.322536316432723,0.018345754436184726,0.06299917443134681,0.1226801776008339
-171,0,1,220,177.326844,0.03345,48.07513969555236,22.334404944862204,0.0,11.905836935334008,5.983041927104842,0.004622201790817951,0.1271348740683997,63.31909306181883,0.0,117.62791796773784,-0.4687008877885659,13.32461058009846,0.022287238190382617,0.06102730123281796,0.11304402317297536
