id,agent_type,type,sim_state,tick_count,sim_time,delta_time,x,x_vel,x_acc,y,y_vel,y_acc,s,s_vel,s_acc,d,d_vel,d_acc,yaw
-96,pedestrian,4,1,1,203.0028,0.0,6.304800042030381,0.7300782413681535,1.3043003131499638,23.43330803893804,1.530740123703924,-0.22711230771673396,0.0,0.0,0.0,0.0,0.0,0.0,0.0
-96,pedestrian,4,1,2,203.036306,0.033506,6.330685719970003,0.7765703381886454,1.3947629046147596,23.483697507307614,1.5116840510871863,-0.5716821785021275,0.0,0.0,0.0,0.0,0.0,0.0,0.0
-96,pedestrian,4,1,3,203.06977500000002,0.033469,6.358184326169987,0.8249581859995303,1.4516354343265474,23.53312084379383,1.4827000945865183,-0.8695186950200375,0.0,0.0,0.0,0.0,0.0,0.0,0.0
-96,pedestrian,4,1,4,203.10325400000002,0.033479,6.387332344608225,0.8744405531471535,1.4844710144286974,23.581279506343748,1.4447598764974585,-1.1382065426717942,0.0,0.0,0.0,0.0,0.0,0.0,0.0
-96,pedestrian,4,1,5,203.136766,0.033512,6.418141246237716,0.9242670488847048,1.494794872126537,23.627887484996204,1.3982393595736862,-1.3956155077131693,0.0,0.0,0.0,0.0,0.0,0.0,0.0
-96,pedestrian,4,1,6,203.170196,0.03343,6.446917855957808,0.8632982916027628,-1.829062718458258,23.671972257571184,1.3225431772494254,-2.2708854697278213,0.0,0.0,0.0,0.0,0.0,0.0,0.0
-96,pedestrian,4,1,7,203.203674,0.033478,6.473818652771278,0.8070239044041181,-1.6882316159593416,23.713618648991677,1.2493917426147758,-2.19454303903949,0.0,0.0,0.0,0.0,0.0,0.0,0.0
-96,pedestrian,4,1,8,203.23719200000002,0.033518,6.498983703493698,0.7549515216725898,-1.5621714819458492,23.752917325954705,1.178960308890848,-2.112943011717834,0.0,0.0,0.0,0.0,0.0,0.0,0.0
-96,pedestrian,4,1,9,203.270618,0.033426,6.522537067553196,0.7066009217849367,-1.4505179966295927,23.789964313131698,1.1114096153098252,-2.026520807430684,0.0,0.0,0.0,0.0,0.0,0.0,0.0
-96,pedestrian,4,1,10,203.304104,0.033486,6.54459060645351,0.661606167009431,-1.349842643265173,23.824853665383525,1.0466805675548543,-1.9418714326491278,0.0,0.0,0.0,0.0,0.0,0.0,0.0
-96,pedestrian,4,1,11,203.33755200000002,0.033448,6.565244639471044,0.6196209905260165,-1.259555294502435,23.857678486440093,0.9847446316970939,-1.8580780757328097,0.0,0.0,0.0,0.0,0.0,0.0,0.0
-96,pedestrian,4,1,12,203.371025,0.033473,6.584588390302294,0.5803125249374795,-1.1792539676561096,23.88852634620865,0.9254357930567239,-1.779265159211102,0.0,0.0,0.0,0.0,0.0,0.0,0.0
-96,pedestrian,4,1,13,203.404507,0.033482,6.602706759998669,0.5435510908912647,-1.1028430213864433,23.917496764559225,0.869112550517216,-1.6896972761852338,0.0,0.0,0.0,0.0,0.0,0.0,0.0
-96,pedestrian,4,1,14,203.437994,0.033487,6.6196825617204205,0.5092740516525405,-1.0283111771617295,23.944697736440496,0.816029156438182,-1.5925018223710212,0.0,0.0,0.0,0.0,0.0,0.0,0.0
-96,pedestrian,4,1,15,203.471447,0.033453,6.635592464694954,0.4772970892359797,-0.9593088724968226,23.970232864855085,0.7660538524376436,-1.4992591200161514,0.0,0.0,0.0,0.0,0.0,0.0,0.0
-96,pedestrian,4,1,16,203.504932,0.033485,6.65050644839061,0.4474195108697056,-0.8963273509882225,23.994197855698044,0.7189497252888031,-1.4131238144652143,0.0,0.0,0.0,0.0,0.0,0.0,0.0
-96,pedestrian,4,1,17,203.5384,0.033468,6.664489672807656,0.4194967325114006,-0.8376833507491501,24.016684090656334,0.6745870487487293,-1.330880296202213,0.0,0.0,0.0,0.0,0.0,0.0,0.0
-96,pedestrian,4,1,18,203.571857,0.033457,6.677602260578644,0.3933776331296377,-0.7835729814528885,24.037777798365138,0.6328112312640869,-1.2532745245392727,0.0,0.0,0.0,0.0,0.0,0.0,0.0
-96,pedestrian,4,1,19,203.60537100000002,0.033514,6.68989989721528,0.3689290990990709,-0.733456020917004,24.05756092868684,0.5934939096510241,-1.179519648391882,0.0,0.0,0.0,0.0,0.0,0.0,0.0
-96,pedestrian,4,1,20,203.63887300000002,0.033502,6.701434062888109,0.3460249701848591,-0.6871238674263531,24.07611027200724,0.5564802996120799,-1.110408301168325,0.0,0.0,0.0,0.0,0.0,0.0,0.0
-96,pedestrian,4,1,21,203.672334,0.033461,6.712252520908697,0.3245537406176528,-0.6441368870161903,24.093498425853532,0.5216446153886967,-1.0450705267014966,0.0,0.0,0.0,0.0,0.0,0.0,0.0
-96,pedestrian,4,1,22,203.705789,0.033455,6.722399670032541,0.30441447371530506,-0.604178007070433,24.109794036910575,0.48886833171124816,-0.9832885103234549,0.0,0.0,0.0,0.0,0.0,0.0,0.0
-96,pedestrian,4,1,23,203.739273,0.033484,6.731916888321691,0.2855165486745085,-0.566937751223898,24.12506204616592,0.4580402776603065,-0.9248416215282484,0.0,0.0,0.0,0.0,0.0,0.0,0.0
-96,pedestrian,4,1,24,203.772748,0.033475,6.740843142238655,0.2677876175089476,-0.531867934966827,24.139364152779226,0.4290631983992334,-0.8693123778321945,0.0,0.0,0.0,0.0,0.0,0.0,0.0
-96,pedestrian,4,1,25,203.80616,0.033412,6.749214563105113,0.25114262599371795,-0.4993497454568894,24.152758260718013,0.40182323816364984,-0.8171988070675074,0.0,0.0,0.0,0.0,0.0,0.0,0.0
-96,pedestrian,4,1,26,203.839621,0.033461,6.7570647828396035,0.23550659203470986,-0.46908101877024294,24.16529916038276,0.3762269899423668,-0.7678874466384913,0.0,0.0,0.0,0.0,0.0,0.0,0.0
-96,pedestrian,4,1,27,203.873077,0.033456,6.764425430801642,0.22081943886115207,-0.4406145952067333,24.177038577380937,0.35218250994531297,-0.7213343999116143,0.0,0.0,0.0,0.0,0.0,0.0,0.0
-96,pedestrian,4,1,28,203.906539,0.033462,6.771326315903817,0.2070265530652623,-0.4137865738766935,24.18802560775531,0.32961091123114744,-0.6771479614249656,0.0,0.0,0.0,0.0,0.0,0.0,0.0
-96,pedestrian,4,1,29,203.94,0.033461,6.777795406779051,0.19407272625700922,-0.3886148042475922,24.198306457014464,0.3084254777746068,-0.635563003696219,0.0,0.0,0.0,0.0,0.0,0.0,0.0
-96,pedestrian,4,1,30,203.97346100000001,0.033461,6.783858721392287,0.18189943839707662,-0.36519863579797773,24.207924583199425,0.28854378554877663,-0.5964507667749053,0.0,0.0,0.0,0.0,0.0,0.0,0.0
-96,pedestrian,4,1,31,204.006929,0.033468,6.790185060869011,0.1897901843017474,0.23672237714012334,24.21323354153857,0.15926875017435338,-3.8782510612326972,0.0,0.0,0.0,0.0,0.0,0.0,0.0
-96,pedestrian,4,1,32,204.04040500000002,0.033476,6.796702689790832,0.19552886765461852,0.1721605005861331,24.214509235251587,0.03827081139051901,-3.6299381635150314,0.0,0.0,0.0,0.0,0.0,0.0,0.0
-96,pedestrian,4,1,33,204.073889,0.033484,6.803348433534607,0.19937231231323996,0.115303339758643,24.212010777544386,-0.07495373121601719,-3.396736278196086,0.0,0.0,0.0,0.0,0.0,0.0,0.0
-96,pedestrian,4,1,34,204.107383,0.033494,6.81006609652439,0.2015298896935078,0.06472732140803479,24.205981217301737,-0.18088680727949524,-3.1779922819043414,0.0,0.0,0.0,0.0,0.0,0.0,0.0
-96,pedestrian,4,1,35,204.14083200000002,0.033449,6.816350897145483,0.18854401863279013,-0.3895761318215298,24.200364221694237,-0.16850986822501166,0.37130817163450747,0.0,0.0,0.0,0.0,0.0,0.0,0.0
-96,pedestrian,4,1,36,204.174306,0.033474,6.822229992735122,0.17637286768915966,-0.36513452830891385,24.195130661435087,-0.15700680777451548,0.345091813514885,0.0,0.0,0.0,0.0,0.0,0.0,0.0
-96,pedestrian,4,1,37,204.20777,0.033464,6.827728869082717,0.1649662904278608,-0.34219731783896623,24.19025357382849,-0.1463126281979861,0.32082538729588167,0.0,0.0,0.0,0.0,0.0,0.0,0.0
-96,pedestrian,4,1,38,204.241255,0.033485,6.8328714589223924,0.15427769519024975,-0.3206578571283308,24.185707994653008,-0.13636737526438994,0.2983575880078852,0.0,0.0,0.0,0.0,0.0,0.0,0.0
-96,pedestrian,4,1,39,204.27472600000002,0.033471,6.837680278049304,0.14426457380736576,-0.3003936414865198,24.18147081233971,-0.12711546939891322,0.27755717596430163,0.0,0.0,0.0,0.0,0.0,0.0,0.0
-96,pedestrian,4,1,40,204.30818100000002,0.033455,6.842176420190665,0.1348842642408275,-0.2814092869961482,24.177520592534982,-0.11850659414187764,0.25826625771106715,0.0,0.0,0.0,0.0,0.0,0.0,0.0
-96,pedestrian,4,1,41,204.341662,0.033481,6.846379723449149,0.1260990977545255,-0.2635549945890601,24.17383746672627,-0.11049377426136688,0.24038459641532287,0.0,0.0,0.0,0.0,0.0,0.0,0.0
-96,pedestrian,4,1,42,204.375148,0.033486,6.850308766495855,0.11787129140118767,-0.24683419060013476,24.17040297763806,-0.10303467264635625,0.22377304845031876,0.0,0.0,0.0,0.0,0.0,0.0,0.0
-96,pedestrian,4,1,43,204.408615,0.033467,6.853981036447418,0.11016809854686348,-0.23109578562972577,24.167200026056612,-0.09608854744335024,0.20838375609018023,0.0,0.0,0.0,0.0,0.0,0.0,0.0
-96,pedestrian,4,1,44,204.442092,0.033477,6.857412908313363,0.10295615597836749,-0.21635827705487962,24.164212715007988,-0.08961933145869727,0.19407647953958912,0.0,0.0,0.0,0.0,0.0,0.0,0.0
-96,pedestrian,4,1,45,204.475545,0.033453,6.860619760010068,0.09620555090114735,-0.20251815231660408,24.161426286004147,-0.08359287011521757,0.18079384030439083,0.0,0.0,0.0,0.0,0.0,0.0,0.0
-96,pedestrian,4,1,46,204.509004,0.033459,6.863616031314892,0.08988813914474073,-0.18952235269219864,24.158827030873656,-0.07797765391472003,0.16845648601492633,0.0,0.0,0.0,0.0,0.0,0.0,0.0
-96,pedestrian,4,1,47,204.54246600000002,0.033462,6.866415284055074,0.08397758220544903,-0.17731670817875111,24.156402211871363,-0.07274457006880324,0.15699251537750403,0.0,0.0,0.0,0.0,0.0,0.0,0.0
-96,pedestrian,4,1,48,204.575929,0.033463,6.869030227898363,0.07844831529867903,-0.16587800720310011,24.154139983587598,-0.0678668485129209,0.1463316466764702,0.0,0.0,0.0,0.0,0.0,0.0,0.0
-96,pedestrian,4,1,49,204.60940300000001,0.033474,6.871472774321839,0.07327639270430077,-0.15515767783134787,24.15202932258566,-0.06331983005822592,0.1364105536408493,0.0,0.0,0.0,0.0,0.0,0.0,0.0
-96,pedestrian,4,1,50,204.642871,0.033468,6.873754091724671,0.06843952208494662,-0.1451061185806242,24.150059975099445,-0.059080424586415534,0.12718216415431144,0.0,0.0,0.0,0.0,0.0,0.0,0.0
-96,pedestrian,4,1,51,204.676329,0.033458,6.875884659222303,0.06391702492892815,-0.13567491468055443,24.148222400314797,-0.05512724353939965,0.11859543141047656,0.0,0.0,0.0,0.0,0.0,0.0,0.0
-96,pedestrian,4,1,52,204.709796,0.033467,6.877874298650801,0.05968918285497073,-0.1268352622187223,24.14650771686325,-0.05144050354642207,0.11060219978932727,0.0,0.0,0.0,0.0,0.0,0.0,0.0
-96,pedestrian,4,1,53,204.743287,0.033491,6.8797322111138,0.055737373889972165,-0.11855426894995713,24.144907653948604,-0.048001887439412166,0.10315848321029723,0.0,0.0,0.0,0.0,0.0,0.0,0.0
-96,pedestrian,4,1,54,204.776743,0.033456,6.8814670089732735,0.05204393578419851,-0.11080314317320963,24.14341450568119,-0.04479444802243036,0.09622318250945434,0.0,0.0,0.0,0.0,0.0,0.0,0.0
-96,pedestrian,4,1,55,204.81023000000002,0.033487,6.88308676056448,0.048592547736195146,-0.10354164144010088,24.142021093546383,-0.04180236404414772,0.08976251934847915,0.0,0.0,0.0,0.0,0.0,0.0,0.0
-96,pedestrian,4,1,56,204.843683,0.033453,6.884599018559436,0.04536773984868188,-0.09674423662539805,24.140720728713493,-0.03901094498663975,0.08374257172523916,0.0,0.0,0.0,0.0,0.0,0.0,0.0
-96,pedestrian,4,1,57,204.87716,0.033477,6.886010853601725,0.042355051268648476,-0.090380657401002,24.13950717689243,-0.03640655463193462,0.07813171064115365,0.0,0.0,0.0,0.0,0.0,0.0,0.0
-96,pedestrian,4,1,58,204.910641,0.033481,6.887328881120524,0.03954082556397005,-0.08442677114035271,24.138374626357145,-0.033976516058536646,0.07290115720193939,0.0,0.0,0.0,0.0,0.0,0.0,0.0
-96,pedestrian,4,1,59,204.944061,0.03342,6.888559288572075,0.03691222354650113,-0.07885806052406763,24.137317658331487,-0.031709040769766064,0.06802425866311756,0.0,0.0,0.0,0.0,0.0,0.0,0.0
-96,pedestrian,4,1,60,204.977509,0.033448,6.889707861322374,0.0344571825089892,-0.07365123112535789,24.136331219212405,-0.029593173572495274,0.06347601591812371,0.0,0.0,0.0,0.0,0.0,0.0,0.0
-96,pedestrian,4,1,61,205.010966,0.033457,6.890780009681357,0.03216445076951009,-0.06878195218437318,24.13541059634815,-0.027618685927553285,0.059234629348259675,0.0,0.0,0.0,0.0,0.0,0.0,0.0
-96,pedestrian,4,1,62,205.04444,0.033474,6.891780790097714,0.030023412490703668,-0.06423114836419273,24.134551393830517,-0.025776075529013634,0.05527831195618953,0.0,0.0,0.0,0.0,0.0,0.0,0.0
-96,pedestrian,4,1,63,205.077901,0.033461,6.89271492902218,0.02802416773397503,-0.059977342701859164,24.133749511437045,-0.024056471804158038,0.051588111745667874,0.0,0.0,0.0,0.0,0.0,0.0,0.0
-96,pedestrian,4,1,64,205.111363,0.033462,6.893586842122829,0.026157393019478982,-0.056003241434881376,24.13300112365244,-0.022451633538106246,0.04814514798155375,0.0,0.0,0.0,0.0,0.0,0.0,0.0
-96,pedestrian,4,1,65,205.144826,0.033463,6.894400654920187,0.024414383920709222,-0.052290272963092785,24.132302661593297,-0.020953861774380397,0.04493315291177541,0.0,0.0,0.0,0.0,0.0,0.0,0.0
-96,pedestrian,4,1,66,205.17829,0.033464,6.895160221646048,0.022787001775831504,-0.04882146434633148,24.13165079549733,-0.019555982878987122,0.04193636686179826,0.0,0.0,0.0,0.0,0.0,0.0,0.0
-96,pedestrian,4,1,67,205.21175200000002,0.033462,6.895869141642883,0.02126759990503322,-0.04558205612394851,24.131042418548795,-0.01825130845606485,0.03914023268766813,0.0,0.0,0.0,0.0,0.0,0.0,0.0
-96,pedestrian,4,1,68,205.245216,0.033464,6.89653077652386,0.019849046429309306,-0.042556604271717396,24.13047463178057,-0.017033603046788977,0.03653116227827621,0.0,0.0,0.0,0.0,0.0,0.0,0.0
-96,pedestrian,4,1,69,205.278681,0.033465,6.8971482651845335,0.018524659820225244,-0.03973159827252187,24.12994473024061,-0.0158970461987527,0.034096705441088296,0.0,0.0,0.0,0.0,0.0,0.0,0.0
-96,pedestrian,4,1,70,205.312147,0.033466,6.897724538244793,0.01728819180778611,-0.03709404037317406,24.129450189838746,-0.01483621205594526,0.03182502428422319,0.0,0.0,0.0,0.0,0.0,0.0,0.0
-96,pedestrian,4,1,71,205.345621,0.033474,6.898262332052624,0.01613381423493728,-0.034631327185464876,24.128988654954533,-0.013846046526421279,0.029704965885719456,0.0,0.0,0.0,0.0,0.0,0.0,0.0
-96,pedestrian,4,1,72,205.379084,0.033463,6.898764199987569,0.01505603804833478,-0.03233328559807505,24.128557927784936,-0.012921815087948367,0.027726943154187358,0.0,0.0,0.0,0.0,0.0,0.0,0.0
