id,agent_type,type,sim_state,tick_count,sim_time,delta_time,x,x_vel,x_acc,y,y_vel,y_acc,s,s_vel,s_acc,d,d_vel,d_acc,yaw
152,pedestrian,1,2,1,210.0098,0.0,-29.679535898612812,0.4682395037030559,0,5.142283368855715,-1.3477267266296666,0,0.0,0.0,0.0,0.0,0.0,0.0,218.67507208963
152,pedestrian,1,2,2,210.04328700000002,0.033487,-29.70967975870596,0.6421534980133126,0,5.1121754743303764,-1.274769657019672,0,0.0,0.0,0.0,0.0,0.0,0.0,218.80732632709882
152,pedestrian,1,2,3,210.07672300000002,0.033436,-29.74976366943951,0.8047578237623233,0,5.082112540863122,-1.179701449984885,0,0.0,0.0,0.0,0.0,0.0,0.0,218.9393504395235
152,pedestrian,1,2,4,210.110229,0.033506,-29.78983169973148,0.9476757960617789,0,5.051987565917135,-1.0692840377647845,0,0.0,0.0,0.0,0.0,0.0,0.0,219.06586976170578
152,pedestrian,1,2,5,210.14371400000002,0.033485,-29.820071774163758,1.070153038501906,0,5.021881462633418,-0.9478611586421651,0,0.0,0.0,0.0,0.0,0.0,0.0,219.1866164540551
152,pedestrian,1,2,6,210.17717900000002,0.033465,-29.860190437929603,1.1767099870188227,0,4.991792466109061,-0.8134333128327629,0,0.0,0.0,0.0,0.0,0.0,0.0,219.3066382453828
152,pedestrian,1,2,7,210.21063500000002,0.033456,-29.900106822425126,1.2394336286274825,0,4.961522136151555,-0.715867554865541,0,0.0,0.0,0.0,0.0,0.0,0.0,219.38772052221742
152,pedestrian,1,2,8,210.244111,0.033476,-29.930427825333364,1.3142142054913533,0,4.921614423744896,-0.5693287826718298,0,0.0,0.0,0.0,0.0,0.0,0.0,219.5026864941399
152,pedestrian,1,2,9,210.27759,0.033479,-29.9705632614777,1.3717472378700846,0,4.891512846192529,-0.41528471033961767,0,0.0,0.0,0.0,0.0,0.0,0.0,219.61751889120023
152,pedestrian,1,2,10,210.311048,0.033458,-30.01038823815167,1.4098449543033902,0,4.861431030354932,-0.2635627538732575,0,0.0,0.0,0.0,0.0,0.0,0.0,219.72667776562113
152,pedestrian,1,2,11,210.34450600000002,0.033458,-30.04078147760116,1.4312575112676438,0,4.831349183797844,-0.10848514550648503,0,0.0,0.0,0.0,0.0,0.0,0.0,219.8358367416367
152,pedestrian,1,2,12,210.377971,0.033465,-30.080900120997896,1.435740817999522,0,4.801260200563221,0.047881984359066466,0,0.0,0.0,0.0,0.0,0.0,0.0,219.9448262045502
152,pedestrian,1,2,13,210.411439,0.033468,-30.12064987355975,1.4242889976125295,0,4.771169392883004,0.19604149104555618,0,0.0,0.0,0.0,0.0,0.0,0.0,220.04827078355754
152,pedestrian,1,2,14,210.444913,0.033474,-30.15114951737531,1.3977323911545239,0,4.7410731526197205,0.342070699865771,0,0.0,0.0,0.0,0.0,0.0,0.0,220.1515028985068
152,pedestrian,1,2,15,210.478382,0.033469,-30.19083868338328,1.358892252449491,0,4.71054632085507,0.47720486099279397,0,0.0,0.0,0.0,0.0,0.0,0.0,220.24920627697173
152,pedestrian,1,2,16,210.51185,0.033468,-30.221394022247853,1.3072789031007672,0,4.670889775614912,0.6077147386129216,0,0.0,0.0,0.0,0.0,0.0,0.0,220.34663777836653
152,pedestrian,1,2,17,210.545321,0.033471,-30.261518754808325,1.247140522148714,0,4.6407962235409,0.7258874738188383,0,0.0,0.0,0.0,0.0,0.0,0.0,220.43859689372317
152,pedestrian,1,2,18,210.57878300000002,0.033462,-30.301109309250158,1.1763996456703276,0,4.610709956794895,0.8381508339765588,0,0.0,0.0,0.0,0.0,0.0,0.0,220.53053375731238
152,pedestrian,1,2,19,210.612254,0.033471,-30.33175845397382,1.0959002783759266,0,4.580616450973933,0.9432705212392773,0,0.0,0.0,0.0,0.0,0.0,0.0,220.6221743788909
152,pedestrian,1,2,20,210.64571500000002,0.033461,-30.37128738232395,1.0082912439633425,0,4.550531883635081,1.0379104315136185,0,0.0,0.0,0.0,0.0,0.0,0.0,220.7113708935996
152,pedestrian,1,2,21,210.67918,0.033465,-30.40198982013355,0.8613371969014061,0,4.519829446271097,1.1653398873569547,0,0.0,0.0,0.0,0.0,0.0,0.0,220.84577353238544
152,pedestrian,1,2,22,210.712645,0.033465,-30.442107301616556,0.7657639175503763,0,4.480354815476549,1.232179209348228,0,0.0,0.0,0.0,0.0,0.0,0.0,220.92622321518485
152,pedestrian,1,2,23,210.746105,0.03346,-30.48154812672465,0.6655682713881673,0,4.450271137680393,1.2910075360255553,0,0.0,0.0,0.0,0.0,0.0,0.0,221.00627673201436
152,pedestrian,1,2,24,210.77956400000002,0.033459,-30.512330277026326,0.5680461724349427,0,4.420187583240553,1.3386587235967748,0,0.0,0.0,0.0,0.0,0.0,0.0,221.08096869776693
152,pedestrian,1,2,25,210.81304,0.033476,-30.552460944590123,0.4694436869085281,0,4.389358323081039,1.3783650129539406,0,0.0,0.0,0.0,0.0,0.0,0.0,221.1540206020037
152,pedestrian,1,2,26,210.846506,0.033466,-30.59181876220376,0.39619783443223683,0,4.350000505143692,1.402975887381384,0,0.0,0.0,0.0,0.0,0.0,0.0,221.20704790229016
152,pedestrian,1,2,27,210.879974,0.033468,-30.62270190107508,0.2989631199183258,0,4.319908866636384,1.4287927865030077,0,0.0,0.0,0.0,0.0,0.0,0.0,221.2760128587289
152,pedestrian,1,2,28,210.913439,0.033465,-30.66199851098751,0.20007129784783928,0,4.289820753651742,1.4479216981704646,0,0.0,0.0,0.0,0.0,0.0,0.0,221.34496972969984
152,pedestrian,1,2,29,210.94690300000002,0.033464,-30.69293576744316,0.100681656063756,0,4.258883498199388,1.4602291844813207,0,0.0,0.0,0.0,0.0,0.0,0.0,221.4134377200085
152,pedestrian,1,2,30,210.980368,0.033465,-30.733054345552468,0.008248815103737405,0,4.2196445331990775,1.465701589028102,0,0.0,0.0,0.0,0.0,0.0,0.0,221.47664991337183
152,pedestrian,1,2,31,211.01384000000002,0.033472,-30.772269137979144,-0.08372925584496586,0,4.189550128286167,1.4654333815215672,0,0.0,0.0,0.0,0.0,0.0,0.0,221.53935159012062
152,pedestrian,1,2,32,211.04730600000002,0.033466,-30.803299010511115,-0.16799595349254356,0,4.159461033252609,1.460277734715617,0,0.0,0.0,0.0,0.0,0.0,0.0,221.59681752794683
152,pedestrian,1,2,33,211.080765,0.033459,-30.843410386048244,-0.2519354293370787,0,4.128408879603471,1.4503038610966772,0,0.0,0.0,0.0,0.0,0.0,0.0,221.6542728398492
152,pedestrian,1,2,34,211.114225,0.03346,-30.882525379263626,-0.3344787451207459,0,4.089293886621571,1.4357607189786783,0,0.0,0.0,0.0,0.0,0.0,0.0,221.71115736455377
152,pedestrian,1,2,35,211.147691,0.033466,-30.913640675674507,-0.4088556558916047,0,4.059204784834456,1.4186329124857124,0,0.0,0.0,0.0,0.0,0.0,0.0,221.76287672179777
152,pedestrian,1,2,36,211.181157,0.033466,-30.952704299162924,-0.4823552123205083,0,4.028058834265346,1.3976458755002166,0,0.0,0.0,0.0,0.0,0.0,0.0,221.81459730728568
