id,agent_type,type,sim_state,tick_count,sim_time,delta_time,x,x_vel,x_acc,y,y_vel,y_acc,s,s_vel,s_acc,d,d_vel,d_acc,yaw
160,pedestrian,1,2,1,210.176633,0.0,5.358255193801597,0.7266866684282851,0,3.405987641774118,-0.3478868547478869,0,0.0,0.0,0.0,0.0,0.0,0.0,200.61544238710644
160,pedestrian,1,2,2,210.21167200000002,0.035039,5.337253006480692,0.7119924826867078,0,3.395486547182343,-0.35137230202701647,0,0.0,0.0,0.0,0.0,0.0,0.0,200.60339648478188
160,pedestrian,1,2,3,210.245146,0.033474,5.317188839685304,0.6561774960762364,0,3.3854544637660284,-0.42828404733846637,0,0.0,0.0,0.0,0.0,0.0,0.0,200.48366209422636
160,pedestrian,1,2,4,210.278712,0.033566,5.296475891128056,0.6437664236972278,0,3.3753945396824947,-0.4272883353632557,0,0.0,0.0,0.0,0.0,0.0,0.0,200.475846192299
160,pedestrian,1,2,5,210.31219900000002,0.033487,5.266997065540069,0.5783044311876302,0,3.3653585771062122,-0.49747579439708844,0,0.0,0.0,0.0,0.0,0.0,0.0,200.3515213738544
160,pedestrian,1,2,6,210.34567,0.033471,5.246934688158321,0.5641969551422273,0,3.355327388900049,-0.49846156299487193,0,0.0,0.0,0.0,0.0,0.0,0.0,200.3382079848059
160,pedestrian,1,2,7,210.37913500000002,0.033465,5.226875387873799,0.49843177908320646,0,3.3452977372674053,-0.5525892095402574,0,0.0,0.0,0.0,0.0,0.0,0.0,200.22504051558738
160,pedestrian,1,2,8,210.41263600000002,0.033501,5.206795069094046,0.4814330028589119,0,3.334527517098577,-0.5559003783572521,0,0.0,0.0,0.0,0.0,0.0,0.0,200.2047511437058
160,pedestrian,1,2,9,210.446074,0.033438,5.186752467129555,0.4059552816695209,0,3.3152362782063354,-0.6043973425831243,0,0.0,0.0,0.0,0.0,0.0,0.0,200.08259163763478
160,pedestrian,1,2,10,210.479521,0.033447,5.166703961183694,0.39541043707685775,0,3.3052120246054533,-0.6023348536274848,0,0.0,0.0,0.0,0.0,0.0,0.0,200.07192614341258
160,pedestrian,1,2,11,210.51300500000002,0.033484,5.146633831986015,0.31341943363024655,0,3.2951769601694796,-0.6423398688056516,0,0.0,0.0,0.0,0.0,0.0,0.0,199.94508176680338
160,pedestrian,1,2,12,210.546455,0.03345,5.1265840321011575,0.303876312781686,0,3.285152059697038,-0.6404374046569747,0,0.0,0.0,0.0,0.0,0.0,0.0,199.9340704541932
160,pedestrian,1,2,13,210.57991900000002,0.033464,5.106525342328197,0.2221793165124632,0,3.2751227153197875,-0.6689052795862426,0,0.0,0.0,0.0,0.0,0.0,0.0,199.81181477491222
160,pedestrian,1,2,14,210.613389,0.03347,5.086463604430988,0.20325738576721256,0,3.2650918451868214,-0.6706908160731683,0,0.0,0.0,0.0,0.0,0.0,0.0,199.7853344298099
160,pedestrian,1,2,15,210.646861,0.033472,5.06640061215241,0.12716747928273234,0,3.255060351185427,-0.686868206650101,0,0.0,0.0,0.0,0.0,0.0,0.0,199.6741977068339
160,pedestrian,1,2,16,210.68033300000002,0.033472,5.046337131535886,0.11614215927115695,0,3.245028611862923,-0.6870172879061203,0,0.0,0.0,0.0,0.0,0.0,0.0,199.65860286923797
160,pedestrian,1,2,17,210.713805,0.033472,5.026274194824907,0.10656649874717944,0,3.234997141436276,-0.6870371863656414,0,0.0,0.0,0.0,0.0,0.0,0.0,199.6449825220956
160,pedestrian,1,2,18,210.74727800000002,0.033473,5.006210598178216,0.02083974395984328,0,3.224965343851959,-0.6953891652053938,0,0.0,0.0,0.0,0.0,0.0,0.0,199.52109299840657
160,pedestrian,1,2,19,210.780751,0.033473,4.986146523769509,0.010759777975242982,0,3.2159876412661434,-0.6957094088074057,0,0.0,0.0,0.0,0.0,0.0,0.0,199.5065948497691
160,pedestrian,1,2,20,210.814224,0.033473,4.9660829877643105,-0.0762319785306736,0,3.2149015375225067,-0.6938891176361165,0,0.0,0.0,0.0,0.0,0.0,0.0,199.3817162539729
160,pedestrian,1,2,21,210.847697,0.033473,4.946019385390368,-0.08717164705682524,0,3.2048697372633126,-0.6952033897960085,0,0.0,0.0,0.0,0.0,0.0,0.0,199.36639439372127
160,pedestrian,1,2,22,210.88117,0.033473,4.925955317578153,-0.0990180306381938,0,3.194837703885054,-0.6963102915827469,0,0.0,0.0,0.0,0.0,0.0,0.0,199.34992273714502
160,pedestrian,1,2,23,210.91464200000001,0.033472,4.905892380459071,-0.18753168209145854,0,3.1848062334194895,-0.6829688315583845,0,0.0,0.0,0.0,0.0,0.0,0.0,199.22315494493856
160,pedestrian,1,2,24,210.948115,0.033473,4.885828772190021,-0.20017167032792102,0,3.174774429482696,-0.6838785578334767,0,0.0,0.0,0.0,0.0,0.0,0.0,199.20647209541727
160,pedestrian,1,2,25,210.98158700000002,0.033472,4.865765308286876,-0.285626381323294,0,3.1647426989704526,-0.6601199433061045,0,0.0,0.0,0.0,0.0,0.0,0.0,199.08279187582022
160,pedestrian,1,2,26,211.01506500000002,0.033478,4.845698775786961,-0.31115290359634823,0,3.154709432674735,-0.6555346798111014,0,0.0,0.0,0.0,0.0,0.0,0.0,199.04807956599268
160,pedestrian,1,2,27,211.048536,0.033471,4.824326943632674,-0.3815716735231426,0,3.144678224324009,-0.6268711447576059,0,0.0,0.0,0.0,0.0,0.0,0.0,198.94438400054403
160,pedestrian,1,2,28,211.08201,0.033474,4.795571704665481,-0.41054840600839515,0,3.1346458966070636,-0.6179769750111224,0,0.0,0.0,0.0,0.0,0.0,0.0,198.90488081340612
160,pedestrian,1,2,29,211.115488,0.033478,4.775505171945719,-0.47535169746797346,0,3.1246126311086946,-0.5824535729286134,0,0.0,0.0,0.0,0.0,0.0,0.0,198.80668621540644
160,pedestrian,1,2,30,211.148961,0.033473,4.755441551757733,-0.49910778382005977,0,3.1145808204531975,-0.575938573104797,0,0.0,0.0,0.0,0.0,0.0,0.0,198.7771411472547
160,pedestrian,1,2,31,211.182431,0.03347,4.733941351282809,-0.5320612460379176,0,3.104549694185748,-0.5604986336721587,0,0.0,0.0,0.0,0.0,0.0,0.0,198.73194619174504
160,pedestrian,1,2,32,211.215901,0.03347,4.705317561449198,-0.5935551712296947,0,3.0945188247900712,-0.5144603178027845,0,0.0,0.0,0.0,0.0,0.0,0.0,198.634530144602
160,pedestrian,1,2,33,211.24937500000001,0.033474,4.685253335956201,-0.6260468432244256,0,3.0859876414760947,-0.4939381779559572,0,0.0,0.0,0.0,0.0,0.0,0.0,198.5885908786045
160,pedestrian,1,2,34,211.282844,0.033469,4.66365993499223,-0.6940092297519668,0,3.084455888580791,-0.42217853520463494,0,0.0,0.0,0.0,0.0,0.0,0.0,198.46685065536587
160,pedestrian,1,2,35,211.316316,0.033472,4.635128752293659,-0.7148266318543367,0,3.0744244204423277,-0.4137778798707483,0,0.0,0.0,0.0,0.0,0.0,0.0,198.44535482157033
160,pedestrian,1,2,36,211.349791,0.033475,4.613468285424189,-0.7746762419704017,0,3.064392004751023,-0.3306663971356728,0,0.0,0.0,0.0,0.0,0.0,0.0,198.32385539107776
160,pedestrian,1,2,37,211.383263,0.033472,4.585000481502728,-0.8049164307219155,0,3.054360284730076,-0.2947160945368422,0,0.0,0.0,0.0,0.0,0.0,0.0,198.27165315388453
160,pedestrian,1,2,38,211.416739,0.033476,4.563275124620299,-0.8517956615207499,0,3.044327617322836,-0.2006886396878526,0,0.0,0.0,0.0,0.0,0.0,0.0,198.15172386804392
160,pedestrian,1,2,39,211.450209,0.03347,4.533182365920343,-0.872169832645861,0,3.034296698981656,-0.18388141903174102,0,0.0,0.0,0.0,0.0,0.0,0.0,198.12847173439798
160,pedestrian,1,2,40,211.48369300000002,0.033484,4.503076425557272,-0.9069702157391337,0,3.0242613858925163,-0.07895958782306207,0,0.0,0.0,0.0,0.0,0.0,0.0,198.00729049246237
160,pedestrian,1,2,41,211.517174,0.033481,4.472973928466619,-0.9270731580123769,0,3.0142272186401935,-0.02613741544158686,0,0.0,0.0,0.0,0.0,0.0,0.0,197.94889076423803
160,pedestrian,1,2,42,211.55062600000002,0.033452,4.442897344447984,-0.939929349683607,0,3.00420169227094,0.10798766794532037,0,0.0,0.0,0.0,0.0,0.0,0.0,197.8063089305628
160,pedestrian,1,2,43,211.58409,0.033464,4.412809393686375,-0.9415813368808424,0,2.994172374491725,0.21746720914622691,0,0.0,0.0,0.0,0.0,0.0,0.0,197.69335763193925
160,pedestrian,1,2,44,211.61756200000002,0.033472,4.382714990116712,-0.9529636525721848,0,2.9859876427799463,0.24611662330830011,0,0.0,0.0,0.0,0.0,0.0,0.0,197.6679632055879
160,pedestrian,1,2,45,211.651035,0.033473,4.352619517138686,-0.9358682016882589,0,2.984109083634811,0.36647679402624184,0,0.0,0.0,0.0,0.0,0.0,0.0,197.54723708087076
160,pedestrian,1,2,46,211.684507,0.033472,4.322524383201577,-0.9273206971934731,0,2.974077371310266,0.4331286008466486,0,0.0,0.0,0.0,0.0,0.0,0.0,197.4837430307848
160,pedestrian,1,2,47,211.71798,0.033473,4.2924290786053305,-0.8755810157657724,0,2.9640456028666673,0.5673030518282622,0,0.0,0.0,0.0,0.0,0.0,0.0,197.34579631977266
160,pedestrian,1,2,48,211.751453,0.033473,4.260359731845701,-0.8172289788369533,0,2.9540137760202727,0.6823238672751393,0,0.0,0.0,0.0,0.0,0.0,0.0,197.2248129206357
160,pedestrian,1,2,49,211.78492400000002,0.033471,4.220234095541442,-0.7825903856907819,0,2.9439823669968503,0.7493352744290092,0,0.0,0.0,0.0,0.0,0.0,0.0,197.15699962590696
160,pedestrian,1,2,50,211.818399,0.033475,4.182142268111001,-0.6884955418031883,0,2.9339499991675115,0.8624255133030598,0,0.0,0.0,0.0,0.0,0.0,0.0,197.0236253128237
160,pedestrian,1,2,51,211.85187200000001,0.033473,4.149977306122166,-0.5917625674346785,0,2.9239181690703444,0.9570644523032866,0,0.0,0.0,0.0,0.0,0.0,0.0,196.90346354995876
160,pedestrian,1,2,52,211.885345,0.033473,4.109849283710629,-0.5319953258656703,0,2.9138861626186396,1.0125188309571593,0,0.0,0.0,0.0,0.0,0.0,0.0,196.83367143893543
160,pedestrian,1,2,53,211.918812,0.033467,4.069729405270562,-0.38182138481266886,0,2.903856194583468,1.097571381721619,0,0.0,0.0,0.0,0.0,0.0,0.0,196.6847583909352
