id,agent_type,type,sim_state,tick_count,sim_time,delta_time,x,x_vel,x_acc,y,y_vel,y_acc,s,s_vel,s_acc,d,d_vel,d_acc,yaw
163,pedestrian,1,2,1,211.377833,0.0,-5.891744805383496,-0.4436764140757338,0,-16.604012358933687,-1.400047505397826,0,0.0,0.0,0.0,0.0,0.0,0.0,86.08690871840619
163,pedestrian,1,2,2,211.413023,0.03519,-5.8911984574402085,-0.3579020176655143,0,-16.551826966313712,-1.42450531177626,0,0.0,0.0,0.0,0.0,0.0,0.0,86.14764787690623
163,pedestrian,1,2,3,211.44647400000002,0.033451,-5.881744805859805,-0.26728100505077235,0,-16.51115465876069,-1.444474070150318,0,0.0,0.0,0.0,0.0,0.0,0.0,86.21083200597664
163,pedestrian,1,2,4,211.47999800000002,0.033524,-5.881125931223376,-0.17484190058098034,0,-16.460917984598893,-1.4587290069939627,0,0.0,0.0,0.0,0.0,0.0,0.0,86.27451028347576
163,pedestrian,1,2,5,211.513484,0.033486,-5.871744805744595,-0.074412321888146,0,-16.410739664827986,-1.4674765730588881,0,0.0,0.0,0.0,0.0,0.0,0.0,86.34313540317736
163,pedestrian,1,2,6,211.546954,0.03347,-5.8710593778031015,0.019026125726227965,0,-16.360585217449188,-1.4693868319873706,0,0.0,0.0,0.0,0.0,0.0,0.0,86.40674816344244
163,pedestrian,1,2,7,211.58040300000002,0.033449,-5.8617448048148235,0.12019014793928533,0,-16.310460947501042,-1.4647188531698323,0,0.0,0.0,0.0,0.0,0.0,0.0,86.47567398467297
163,pedestrian,1,2,8,211.61387200000001,0.033469,-5.8617448053124335,0.22146768679756365,0,-16.26030809953544,-1.452948809994982,0,0.0,0.0,0.0,0.0,0.0,0.0,86.54506357469076
163,pedestrian,1,2,9,211.647309,0.033437,-5.860982951486645,0.329228663481225,0,-16.210203092293774,-1.432514617240463,0,0.0,0.0,0.0,0.0,0.0,0.0,86.61970451778063
163,pedestrian,1,2,10,211.68078300000002,0.033474,-5.851744806063226,0.4352843311004719,0,-16.16083556708028,-1.4040319163173953,0,0.0,0.0,0.0,0.0,0.0,0.0,86.69442994740672
163,pedestrian,1,2,11,211.714256,0.033473,-5.850918840434919,0.5389085339328017,0,-16.11988252962919,-1.3676851778948091,0,0.0,0.0,0.0,0.0,0.0,0.0,86.76915108253823
163,pedestrian,1,2,12,211.74773000000002,0.033474,-5.841744805413389,0.6395272897900662,0,-16.069722063338297,-1.3236773888603004,0,0.0,0.0,0.0,0.0,0.0,0.0,86.84387464149347
163,pedestrian,1,2,13,211.781203,0.033473,-5.841744805060219,0.7372032848942698,0,-16.01956185549975,-1.2718589449636615,0,0.0,0.0,0.0,0.0,0.0,0.0,86.91910780766813
163,pedestrian,1,2,14,211.81467600000002,0.033473,-5.840822936942987,0.8370754346841744,0,-15.969403013483413,-1.2085192236476923,0,0.0,0.0,0.0,0.0,0.0,0.0,86.9995767224252
163,pedestrian,1,2,15,211.84815,0.033474,-5.831744806342038,0.9315191123272352,0,-15.919242531993573,-1.137328558617363,0,0.0,0.0,0.0,0.0,0.0,0.0,87.08004827050962
163,pedestrian,1,2,16,211.88162400000002,0.033474,-5.8307585021690915,1.028336362688791,0,-15.86908084017882,-1.0484638618754683,0,0.0,0.0,0.0,0.0,0.0,0.0,87.16956353143637
163,pedestrian,1,2,17,211.915098,0.033474,-5.821744805760254,1.186780035453145,0,-15.818920501562518,-0.8677574673084527,0,0.0,0.0,0.0,0.0,0.0,0.0,87.33324981375368
163,pedestrian,1,2,18,211.948572,0.033474,-5.821744805526676,1.2576222835489979,0,-15.768760006822186,-0.7616243347682053,0,0.0,0.0,0.0,0.0,0.0,0.0,87.42007122969927
163,pedestrian,1,2,19,211.982046,0.033474,-5.820661999039962,1.3220271920152549,0,-15.719681132019014,-0.6438071247126841,0,0.0,0.0,0.0,0.0,0.0,0.0,87.51142050759589
163,pedestrian,1,2,20,212.015521,0.033475,-5.811744806097932,1.372886515468201,0,-15.678436491275749,-0.5266920990306705,0,0.0,0.0,0.0,0.0,0.0,0.0,87.59828130084547
163,pedestrian,1,2,21,212.048998,0.033477,-5.810596630994352,1.4154872449645053,0,-15.628271483623498,-0.39838074273950086,0,0.0,0.0,0.0,0.0,0.0,0.0,87.69025707999573
163,pedestrian,1,2,22,212.082476,0.033478,-5.801744804950431,1.4461470709961717,0,-15.578103826910352,-0.2656836112340118,0,0.0,0.0,0.0,0.0,0.0,0.0,87.78291479102401
163,pedestrian,1,2,23,212.11595,0.033474,-5.801744805077603,1.4650846208626445,0,-15.527943488217408,-0.12434758362093118,0,0.0,0.0,0.0,0.0,0.0,0.0,87.8799345224686
163,pedestrian,1,2,24,212.149436,0.033486,-5.800495330410274,1.4700546640612622,0,-15.47776498104246,0.011823334571617432,0,0.0,0.0,0.0,0.0,0.0,0.0,87.9726509529887
163,pedestrian,1,2,25,212.182906,0.03347,-5.791744805421687,1.4618779658919467,0,-15.427609324590446,0.15408855553620976,0,0.0,0.0,0.0,0.0,0.0,0.0,88.06962327008371
163,pedestrian,1,2,26,212.216362,0.033456,-5.791744805523194,1.4410220376730702,0,-15.377475961668829,0.2886318138274033,0,0.0,0.0,0.0,0.0,0.0,0.0,88.16229005397341
163,pedestrian,1,2,27,212.249829,0.033467,-5.790407516174588,1.4057062207829045,0,-15.327325911441708,0.42772257568253746,0,0.0,0.0,0.0,0.0,0.0,0.0,88.25998518316143
163,pedestrian,1,2,28,212.283305,0.033476,-5.781744806201177,1.3569141185932876,0,-15.277161279987396,0.5626867486895677,0,0.0,0.0,0.0,0.0,0.0,0.0,88.35770872296767
163,pedestrian,1,2,29,212.31678000000002,0.033475,-5.781744805413794,1.2951789199382646,0,-15.226999442433574,0.6921905534388171,0,0.0,0.0,0.0,0.0,0.0,0.0,88.45542681487409
163,pedestrian,1,2,30,212.350254,0.033474,-5.7817448054637754,1.2210801701117804,0,-15.178273581407918,0.8149849305223539,0,0.0,0.0,0.0,0.0,0.0,0.0,88.55314240645069
163,pedestrian,1,2,31,212.38372700000002,0.033473,-5.7802780867368835,1.1353430698027516,0,-15.136678766063813,0.9298942348953751,0,0.0,0.0,0.0,0.0,0.0,0.0,88.65085716041402
163,pedestrian,1,2,32,212.417201,0.033474,-5.771744806296305,1.0388131602090613,0,-15.08651842884731,1.0358276659778005,0,0.0,0.0,0.0,0.0,0.0,0.0,88.74857233318389
163,pedestrian,1,2,33,212.45067400000002,0.033473,-5.771744805540205,0.9324038078111035,0,-15.036359359312023,1.1317420025225782,0,0.0,0.0,0.0,0.0,0.0,0.0,88.84628503362049
163,pedestrian,1,2,34,212.484147,0.033473,-5.771744805773781,0.8171722168089546,0,-14.986199250798695,1.2167518791018266,0,0.0,0.0,0.0,0.0,0.0,0.0,88.9439997595874
163,pedestrian,1,2,35,212.51762100000002,0.033474,-5.7701501166792575,0.6942161675302515,0,-14.93603891262994,1.290015427788489,0,0.0,0.0,0.0,0.0,0.0,0.0,89.04171493235741
163,pedestrian,1,2,36,212.551096,0.033475,-5.761744806293983,0.5647479236963571,0,-14.885876831038113,1.350874533388574,0,0.0,0.0,0.0,0.0,0.0,0.0,89.13943349923804
163,pedestrian,1,2,37,212.584574,0.033478,-5.761744805669666,0.42999952618215764,0,-14.835709245178482,1.3987370460017046,0,0.0,0.0,0.0,0.0,0.0,0.0,89.23716279271586
163,pedestrian,1,2,38,212.618038,0.033464,-5.7617448060199274,0.291354256975228,0,-14.78556389139533,1.433138474224998,0,0.0,0.0,0.0,0.0,0.0,0.0,89.33484877412158
163,pedestrian,1,2,39,212.65152400000002,0.033486,-5.761744806269989,0.1500002884894047,0,-14.73711072203494,1.453796186609041,0,0.0,0.0,0.0,0.0,0.0,0.0,89.43259948019917
163,pedestrian,1,2,40,212.68499400000002,0.03347,-5.761744805934191,-0.01587799276293804,0,-14.695229728445556,1.4576804681225095,0,0.0,0.0,0.0,0.0,0.0,0.0,89.54640803527846
163,pedestrian,1,2,41,212.718447,0.033453,-5.759962505570381,-0.2659053857080256,0,-14.645100860160344,1.435183091773176,0,0.0,0.0,0.0,0.0,0.0,0.0,89.71861132740742
163,pedestrian,1,2,42,212.75191600000002,0.033469,-5.751744806174218,-0.4117354204760808,0,-14.59494774229177,1.3974564796560636,0,0.0,0.0,0.0,0.0,0.0,0.0,89.82199132393733
163,pedestrian,1,2,43,212.785346,0.03343,-5.751744805687668,-0.6233290263264674,0,-14.544852110834086,1.3152839588374252,0,0.0,0.0,0.0,0.0,0.0,0.0,89.97803549685001
163,pedestrian,1,2,44,212.818836,0.03349,-5.751744805937476,-0.8242785595260981,0,-14.494667796417314,1.198366954975353,0,0.0,0.0,0.0,0.0,0.0,0.0,90.13798425425693
163,pedestrian,1,2,45,212.85230900000002,0.033473,-5.751744805458036,-0.9997120675927027,0,-14.444508672209196,1.0543896380085007,0,0.0,0.0,0.0,0.0,0.0,0.0,90.29426422761937
163,pedestrian,1,2,46,212.885782,0.033473,-5.751744805925188,-1.1546820595297478,0,-14.394348618980436,0.8797451676025427,0,0.0,0.0,0.0,0.0,0.0,0.0,90.4552059512503
163,pedestrian,1,2,47,212.91925700000002,0.033475,-5.751744806277972,-1.279515037390266,0,-14.346151897426601,0.682682417445909,0,0.0,0.0,0.0,0.0,0.0,0.0,90.61615339674324
163,pedestrian,1,2,48,212.952728,0.033471,-5.75174480604499,-1.3709856652019456,0,-14.30403064157664,0.4683662008280212,0,0.0,0.0,0.0,0.0,0.0,0.0,90.77708257011835
163,pedestrian,1,2,49,212.9862,0.033472,-5.75174480558038,-1.4268223905844908,0,-14.253872100038956,0.24237026669887424,0,0.0,0.0,0.0,0.0,0.0,0.0,90.93801943979248
163,pedestrian,1,2,50,213.019673,0.033473,-5.751744805807726,-1.4454371631974239,0,-14.203713261204365,0.00889363035429884,0,0.0,0.0,0.0,0.0,0.0,0.0,91.10013745899283
163,pedestrian,1,2,51,213.053147,0.033474,-5.7517448053505245,-1.4252651791233628,0,-14.153552609312158,-0.2307943954296745,0,0.0,0.0,0.0,0.0,0.0,0.0,91.26682908956462
163,pedestrian,1,2,52,213.086621,0.033474,-5.751744805595124,-1.3656156944271607,0,-14.10339108677061,-0.4635353864922746,0,0.0,0.0,0.0,0.0,0.0,0.0,91.43352361638192
163,pedestrian,1,2,53,213.12009400000002,0.033473,-5.7517448051115965,-1.268251288254376,0,-14.055388268689203,-0.68286156422059,0,0.0,0.0,0.0,0.0,0.0,0.0,91.60020922552157
163,pedestrian,1,2,54,213.153569,0.033475,-5.751744805402435,-1.1359729047527487,0,-14.013070082650843,-0.8827465614966078,0,0.0,0.0,0.0,0.0,0.0,0.0,91.7669058838535
163,pedestrian,1,2,55,213.18704300000002,0.033474,-5.751744806611392,-0.9725452569204615,0,-13.962908572253985,-1.057674033997228,0,0.0,0.0,0.0,0.0,0.0,0.0,91.93360036261396
163,pedestrian,1,2,56,213.220516,0.033473,-5.7539973309936965,-0.7825877353889406,0,-13.912749734012891,-1.2028423606936218,0,0.0,0.0,0.0,0.0,0.0,0.0,92.10028597175346
163,pedestrian,1,2,57,213.25398900000002,0.033473,-5.761744805801356,-0.5981212514992578,0,-13.862590553549557,-1.305311605829205,0,0.0,0.0,0.0,0.0,0.0,0.0,92.24734007900865
163,pedestrian,1,2,58,213.287462,0.033473,-5.761744805235458,-0.4629491894358341,0,-13.814746917691918,-1.3543331531641112,0,0.0,0.0,0.0,0.0,0.0,0.0,92.34771850046631
163,pedestrian,1,2,59,213.32093500000002,0.033473,-5.761744805255352,-0.23344655982605603,0,-13.772271717440365,-1.4104275958056227,0,0.0,0.0,0.0,0.0,0.0,0.0,92.51305873114076
163,pedestrian,1,2,60,213.354405,0.03347,-5.761744805722454,-0.0024964782994579895,0,-13.72211701608035,-1.4274795981398647,0,0.0,0.0,0.0,0.0,0.0,0.0,92.67534638638979
163,pedestrian,1,2,61,213.38792600000002,0.033521,-5.764170256233622,0.2344052125293778,0,-13.671885107097767,-1.4061655648961549,0,0.0,0.0,0.0,0.0,0.0,0.0,92.8422748162864
163,pedestrian,1,2,62,213.421402,0.033476,-5.771744805475952,0.4620580133018812,0,-13.624179890681576,-1.3468676343872643,0,0.0,0.0,0.0,0.0,0.0,0.0,93.00756696706657
163,pedestrian,1,2,63,213.454878,0.033476,-5.7717448055041425,0.6506131253553477,0,-13.581558064412466,-1.2670554187908107,0,0.0,0.0,0.0,0.0,0.0,0.0,93.151394533471
163,pedestrian,1,2,64,213.48835,0.033472,-5.771744805677615,0.763216649435817,0,-13.531399598514096,-1.200370560083949,0,0.0,0.0,0.0,0.0,0.0,0.0,93.24335832313481
163,pedestrian,1,2,65,213.521824,0.033474,-5.77429942534855,0.8690926214241562,0,-13.48123926110086,-1.1237333204029294,0,0.0,0.0,0.0,0.0,0.0,0.0,93.33532554456539
163,pedestrian,1,2,66,213.555297,0.033473,-5.781744806501398,0.9673782395636648,0,-13.43366649865021,-1.037840452923934,0,0.0,0.0,0.0,0.0,0.0,0.0,93.42729072918466
163,pedestrian,1,2,67,213.588775,0.033478,-5.784364759903342,1.0585578655694032,0,-13.390912590738466,-0.941704899981033,0,0.0,0.0,0.0,0.0,0.0,0.0,93.52077210009587
163,pedestrian,1,2,68,213.622253,0.033478,-5.7917448053830265,1.1439310900309223,0,-13.34074625886672,-0.8328630915407699,0,0.0,0.0,0.0,0.0,0.0,0.0,93.6184989494115
163,pedestrian,1,2,69,213.655762,0.033509,-5.791744805419922,1.2182834214824776,0,-13.290533068194406,-0.7162697104042257,0,0.0,0.0,0.0,0.0,0.0,0.0,93.7163170789142
163,pedestrian,1,2,70,213.689231,0.033469,-5.794471451327342,1.2807829648570206,0,-13.243105774946258,-0.5932895393779778,0,0.0,0.0,0.0,0.0,0.0,0.0,93.8140197881807
163,pedestrian,1,2,71,213.72268400000002,0.033453,-5.801744806123118,1.330949853069063,0,-13.200250259041505,-0.4650370785859353,0,0.0,0.0,0.0,0.0,0.0,0.0,93.91167365908572
163,pedestrian,1,2,72,213.75617100000002,0.033487,-5.804533272707305,1.3683906085268018,0,-13.150070022996927,-0.3325306204500362,0,0.0,0.0,0.0,0.0,0.0,0.0,94.00942759462093
163,pedestrian,1,2,73,213.789647,0.033476,-5.811744805306073,1.3928871724099783,0,-13.102726957361234,-0.19494125239655474,0,0.0,0.0,0.0,0.0,0.0,0.0,94.1087672255336
163,pedestrian,1,2,74,213.82309500000002,0.033448,-5.814590431645907,1.4040270614891275,0,-13.059784228735499,-0.050099602605453264,0,0.0,0.0,0.0,0.0,0.0,0.0,94.21214998753435
163,pedestrian,1,2,75,213.856488,0.033393,-5.821744805550837,1.4005862094573642,0,-13.012598345248094,0.09245491952790219,0,0.0,0.0,0.0,0.0,0.0,0.0,94.31372869762995
163,pedestrian,1,2,76,213.889951,0.033463,-5.82462729462098,1.3829851606776424,0,-12.96959991517505,0.23064123355055854,0,0.0,0.0,0.0,0.0,0.0,0.0,94.41306539042124
163,pedestrian,1,2,77,213.92340000000002,0.033449,-5.831744805444032,1.3497450139389278,0,-12.919477038532783,0.37398759870817555,0,0.0,0.0,0.0,0.0,0.0,0.0,94.518116868175
163,pedestrian,1,2,78,213.956872,0.033472,-5.834683425530599,1.300844311938571,0,-12.872257876985543,0.5162967859507985,0,0.0,0.0,0.0,0.0,0.0,0.0,94.62563867191581
163,pedestrian,1,2,79,213.99034400000002,0.033472,-5.844715105220289,1.2395513974803893,0,-12.829160858296168,0.6473520574510353,0,0.0,0.0,0.0,0.0,0.0,0.0,94.7290977968914
163,pedestrian,1,2,80,214.023817,0.033473,-5.851744805194879,1.163716637514997,0,-12.779002019190598,0.7732272252348354,0,0.0,0.0,0.0,0.0,0.0,0.0,94.83427788836175
163,pedestrian,1,2,81,214.057289,0.033472,-5.854778432338312,1.073446901435954,0,-12.731877851336456,0.8930819063870037,0,0.0,0.0,0.0,0.0,0.0,0.0,94.94174528815911
163,pedestrian,1,2,82,214.090762,0.033473,-5.861744805990309,1.0070540633275051,0,-12.688684340848456,0.968357509455786,0,0.0,0.0,0.0,0.0,0.0,0.0,95.01359116654442
163,pedestrian,1,2,83,214.124236,0.033474,-5.864842477774573,0.9721036488205567,0,-12.641621674259472,0.9999232396412179,0,0.0,0.0,0.0,0.0,0.0,0.0,95.04731303055344
163,pedestrian,1,2,84,214.157709,0.033473,-5.874874338825305,0.856909423051281,0,-12.598364694120288,1.0993829478994874,0,0.0,0.0,0.0,0.0,0.0,0.0,95.1565218644683
163,pedestrian,1,2,85,214.191181,0.033472,-5.88174480530058,0.7316765314554095,0,-12.548206322757167,1.1857379623004347,0,0.0,0.0,0.0,0.0,0.0,0.0,95.26572865632255
163,pedestrian,1,2,86,214.22465400000002,0.033473,-5.884937780239484,0.5978821524431475,0,-12.501240457461476,1.2580009622153485,0,0.0,0.0,0.0,0.0,0.0,0.0,95.37493646920716
163,pedestrian,1,2,87,214.258129,0.033475,-5.894970244336028,0.45707095820658544,0,-12.457885162194714,1.3153138323619695,0,0.0,0.0,0.0,0.0,0.0,0.0,95.48415185954035
163,pedestrian,1,2,88,214.291624,0.033495,-5.901744805243238,0.3108282088665118,0,-12.41095634486177,1.3570533784810117,0,0.0,0.0,0.0,0.0,0.0,0.0,95.5934336590823
163,pedestrian,1,2,89,214.325098,0.033474,-5.905040876087794,0.16103889190111761,0,-12.367532003482918,1.3826260122320848,0,0.0,0.0,0.0,0.0,0.0,0.0,95.70264473453105
163,pedestrian,1,2,90,214.35857000000001,0.033472,-5.915072444901169,0.009385477630508378,0,-12.317374164251941,1.3917651812451615,0,0.0,0.0,0.0,0.0,0.0,0.0,95.81185037051497
163,pedestrian,1,2,91,214.392043,0.033473,-5.921744806071734,-0.14234305325673824,0,-12.270573932678811,1.384331290999637,0,0.0,0.0,0.0,0.0,0.0,0.0,95.92106036030015
163,pedestrian,1,2,92,214.425517,0.033474,-5.925136480559386,-0.29233012080059606,0,-12.227053987848217,1.3603341724157743,0,0.0,0.0,0.0,0.0,0.0,0.0,96.03027143574899
163,pedestrian,1,2,93,214.458989,0.033472,-5.935168051385109,-0.4387896740320202,0,-12.180319377893172,1.3201859036573829,0,0.0,0.0,0.0,0.0,0.0,0.0,96.139477102925
163,pedestrian,1,2,94,214.49246300000001,0.033474,-5.945200316255081,-0.5800071684167254,0,-12.136734808493285,1.2643513911358406,0,0.0,0.0,0.0,0.0,0.0,0.0,96.24869032408233
163,pedestrian,1,2,95,214.525935,0.033472,-5.951744806183827,-0.712004940084841,0,-12.08657746670039,1.1950916549209456,0,0.0,0.0,0.0,0.0,0.0,0.0,96.35589698308893
163,pedestrian,1,2,96,214.55940800000002,0.033473,-5.955263657647221,-0.8336868791413163,0,-12.039936952401185,1.113248729841523,0,0.0,0.0,0.0,0.0,0.0,0.0,96.46137425738381
163,pedestrian,1,2,97,214.592881,0.033473,-5.965295619254196,-0.950008885918062,0,-11.996258290427194,1.0156971347001627,0,0.0,0.0,0.0,0.0,0.0,0.0,96.57058418478465
163,pedestrian,1,2,98,214.62635500000002,0.033474,-5.975327687058781,-1.0533143305839896,0,-11.949680832830987,0.9083658621340486,0,0.0,0.0,0.0,0.0,0.0,0.0,96.6777424204694
163,pedestrian,1,2,99,214.659828,0.033473,-5.981744805784309,-1.1414840142680889,0,-11.905938570421606,0.794716158790699,0,0.0,0.0,0.0,0.0,0.0,0.0,96.78120357099586
163,pedestrian,1,2,100,214.69330200000002,0.033474,-5.985391822322333,-1.217486372713915,0,-11.859424293011413,0.6725873942704916,0,0.0,0.0,0.0,0.0,0.0,0.0,96.88466866868815
163,pedestrian,1,2,101,214.726773,0.033471,-5.9954229905867695,-1.2804900124038836,0,-11.815621434037427,0.5432846576244605,0,0.0,0.0,0.0,0.0,0.0,0.0,96.98812252024646
163,pedestrian,1,2,102,214.760251,0.033478,-6.005456368460443,-1.3298415517985178,0,-11.765454546878841,0.40813885525861016,0,0.0,0.0,0.0,0.0,0.0,0.0,97.09159915494565
163,pedestrian,1,2,103,214.793684,0.033433,-6.011744806266721,-1.3645704670836565,0,-11.719086234777665,0.2717563772477185,0,0.0,0.0,0.0,0.0,0.0,0.0,97.192799487991
163,pedestrian,1,2,104,214.827158,0.033474,-6.015508404743424,-1.3847171912224376,0,-11.67519436432754,0.13734618586629976,0,0.0,0.0,0.0,0.0,0.0,0.0,97.29051466076088
163,pedestrian,1,2,105,214.860631,0.033473,-6.025540286186253,-1.3918648901610944,0,-11.628830436084401,0.004624813473404155,0,0.0,0.0,0.0,0.0,0.0,0.0,97.38605337224881
