id,agent_type,type,sim_state,tick_count,sim_time,delta_time,x,x_vel,x_acc,y,y_vel,y_acc,s,s_vel,s_acc,d,d_vel,d_acc,yaw
-24,pedestrian,4,1,1,130.864067,0.0,-9.886694609900863,-0.4484941395722421,0.08431222623294055,9.966617998592838,-0.8810892630283822,4.002555023329622,0.0,0.0,0.0,0.0,0.0,0.0,0.0
-24,pedestrian,4,1,2,130.897489,0.033422,-9.901496213550699,-0.4440481094950614,0.13338090231542152,9.941423374655894,-0.7558387181083015,3.757516347602422,0.0,0.0,0.0,0.0,0.0,0.0,0.0
-24,pedestrian,4,1,3,130.930966,0.033477,-9.91610469797439,-0.4382545327107562,0.17380730352915638,9.920145636165168,-0.638332154721757,3.525196901596337,0.0,0.0,0.0,0.0,0.0,0.0,0.0
-24,pedestrian,4,1,4,130.964474,0.033508,-9.930483221194462,-0.43135569660217754,0.2069650832573593,9.90254067707685,-0.5281487726495622,3.3055014621658456,0.0,0.0,0.0,0.0,0.0,0.0,0.0
-24,pedestrian,4,1,5,130.997958,0.033484,-9.944601746857844,-0.42355576990142796,0.23399780102248668,9.888378114261688,-0.4248768844548765,3.09815664584057,0.0,0.0,0.0,0.0,0.0,0.0,0.0
-24,pedestrian,4,1,6,131.031439,0.033481,-9.958435983054121,-0.41502708588832593,0.2558605203930608,9.877440855771045,-0.32811775471929516,2.9027738920674397,0.0,0.0,0.0,0.0,0.0,0.0,0.0
-24,pedestrian,4,1,7,131.064889,0.03345,-9.971966492689447,-0.4059152890597338,0.2733539048577647,9.869524589045566,-0.23748800176434717,2.7188925886484396,0.0,0.0,0.0,0.0,0.0,0.0,0.0
-24,pedestrian,4,1,8,131.098354,0.033465,-9.985177944730264,-0.3963435612245055,0.28715183505684955,9.86443722227571,-0.15262100309568444,2.5460099600598816,0.0,0.0,0.0,0.0,0.0,0.0,0.0
-24,pedestrian,4,1,9,131.131825,0.033471,-9.998058481538928,-0.3864161042599085,0.2978237089379082,9.86199830200643,-0.07316760807838572,2.3836018505189616,0.0,0.0,0.0,0.0,0.0,0.0,0.0
-24,pedestrian,4,1,10,131.165296,0.033471,-10.010599182282458,-0.376221022305923,0.3058524586195653,9.86203842308281,0.0012036322913759473,2.2311372110928502,0.0,0.0,0.0,0.0,0.0,0.0,0.0
-24,pedestrian,4,1,11,131.198768,0.033472,-10.02279360619184,-0.3658327172814663,0.31164915073370053,9.864398642100754,0.07080657053832967,2.088088147408612,0.0,0.0,0.0,0.0,0.0,0.0,0.0
-24,pedestrian,4,1,12,131.23224000000002,0.033472,-10.034637402471443,-0.3553138883880975,0.3155648668010637,9.868929902060747,0.1359377987997984,1.9539368478440615,0.0,0.0,0.0,0.0,0.0,0.0,0.0
-24,pedestrian,4,1,13,131.265711,0.033471,-10.046127976064477,-0.3447172077910294,0.31790041791204443,9.875492473433193,0.19687714117334,1.828180271206248,0.0,0.0,0.0,0.0,0.0,0.0,0.0
-24,pedestrian,4,1,14,131.299201,0.03349,-10.057264200402823,-0.33408673015035006,0.31891432922037866,9.883955415066664,0.2538882490041321,1.7103332349237634,0.0,0.0,0.0,0.0,0.0,0.0,0.0
-24,pedestrian,4,1,15,131.332673,0.033472,-10.068046169801825,-0.32345908197003925,0.31882944540932356,9.89419605708947,0.3072192606841896,1.599930350401724,0.0,0.0,0.0,0.0,0.0,0.0,0.0
-24,pedestrian,4,1,16,131.36614500000002,0.033472,-10.078474985396443,-0.312864467838537,0.317838423945068,9.906099507013653,0.35710349772551087,1.4965271112396388,0.0,0.0,0.0,0.0,0.0,0.0,0.0
-24,pedestrian,4,1,17,131.399617,0.033472,-10.088552569510364,-0.30232752341760627,0.3161083326279213,9.919558179594565,0.40376017742738096,1.3997003910561032,0.0,0.0,0.0,0.0,0.0,0.0,0.0
-24,pedestrian,4,1,18,131.43309,0.033473,-10.098281504153341,-0.2918680392893164,0.3137845238486959,9.934471350496546,0.4473951270594416,1.3090484889618197,0.0,0.0,0.0,0.0,0.0,0.0,0.0
-24,pedestrian,4,1,19,131.466562,0.033472,-10.1076648899932,-0.2815015751957887,0.3109939228058306,9.950744733481168,0.48820148953862985,1.2241908743756469,0.0,0.0,0.0,0.0,0.0,0.0,0.0
-24,pedestrian,4,1,20,131.500034,0.033472,-10.116706222680316,-0.2712399806134749,0.3078478374694159,9.968290080575336,0.5263604128250429,1.1447676985923902,0.0,0.0,0.0,0.0,0.0,0.0,0.0
-24,pedestrian,4,1,21,131.53350600000002,0.033472,-10.125409283826327,-0.26109183438032657,0.3044443869944495,9.987024804507003,0.5620417179500081,1.0704391537489588,0.0,0.0,0.0,0.0,0.0,0.0,0.0
-24,pedestrian,4,1,22,131.566978,0.033472,-10.133778044287714,-0.251062813841633,0.30087061616080696,10.006871622590765,0.5954045425128516,1.000884736885303,0.0,0.0,0.0,0.0,0.0,0.0,0.0
-24,pedestrian,4,1,23,131.60045,0.033472,-10.141816577669061,-0.24115600144040275,0.2972043720369071,10.027758221129831,0.6265979561720092,0.9358024097747273,0.0,0.0,0.0,0.0,0.0,0.0,0.0
-24,pedestrian,4,1,24,131.633922,0.033472,-10.149528982179637,-0.2313721353172595,0.29351598369429777,10.049616939388915,0.6557615477725067,0.8749077480149242,0.0,0.0,0.0,0.0,0.0,0.0,0.0
-24,pedestrian,4,1,25,131.667398,0.033476,-10.156919309129846,-0.22170980850627356,0.2898698043295785,10.072384472157552,0.6830259830591155,0.8179330585982647,0.0,0.0,0.0,0.0,0.0,0.0,0.0
-24,pedestrian,4,1,26,131.700871,0.033473,-10.163991496450478,-0.2121656196189949,0.2863256666183597,10.096001589880704,0.708513531694551,0.7646264590630628,0.0,0.0,0.0,0.0,0.0,0.0,0.0
-24,pedestrian,4,1,27,131.734377,0.033506,-10.170749305671395,-0.20273427662750546,0.28294028974468405,10.120412875359287,0.7323385643574886,0.7147509798881264,0.0,0.0,0.0,0.0,0.0,0.0,0.0
-24,pedestrian,4,1,28,131.767831,0.033454,-10.177196260783946,-0.19340865337652127,0.27976869752952577,10.145566476001093,0.754608019254164,0.6680836469002635,0.0,0.0,0.0,0.0,0.0,0.0,0.0
-24,pedestrian,4,1,29,131.801316,0.033485,-10.183335587341316,-0.18417979672111304,0.2768656996622471,10.171413870613836,0.7754218383822691,0.6244145738431518,0.0,0.0,0.0,0.0,0.0,0.0,0.0
-24,pedestrian,4,1,30,131.83477200000002,0.033456,-10.189170149989991,-0.17503687946023797,0.2742875178262518,10.197909649688,0.7948733722249355,0.583546015279991,0.0,0.0,0.0,0.0,0.0,0.0,0.0
-24,pedestrian,4,1,31,131.86822800000002,0.033456,-10.194702386379221,-0.1659670916768898,0.272093633500445,10.22501130812128,0.8130497529984083,0.545291423204184,0.0,0.0,0.0,0.0,0.0,0.0,0.0
-24,pedestrian,4,1,32,131.901701,0.033473,-10.19993423500239,-0.15695545869503547,0.27034898945562996,10.252679049271277,0.8300322344999376,0.5094744450458778,0.0,0.0,0.0,0.0,0.0,0.0,0.0
-24,pedestrian,4,1,33,131.93517500000002,0.033474,-10.20486705395292,-0.14798456851593086,0.2691267053731382,10.280875599141357,0.8458964961024109,0.4759278480742014,0.0,0.0,0.0,0.0,0.0,0.0,0.0
-24,pedestrian,4,1,34,131.968646,0.033471,-10.209501526727111,-0.13903418322572336,0.26851155870622495,10.309566029345234,0.8607129061163082,0.4444923004169202,0.0,0.0,0.0,0.0,0.0,0.0,0.0
-24,pedestrian,4,1,35,132.00215500000002,0.033509,-10.213837549979676,-0.13008069757692828,0.2686045694638529,10.338717587283048,0.8745467381344394,0.41501496054393533,0.0,0.0,0.0,0.0,0.0,0.0,0.0
-24,pedestrian,4,1,36,132.035637,0.033482,-10.217884505094572,-0.12140865344690491,0.2601613239007009,10.365925708233467,0.816243628512605,-1.74909328865503,0.0,0.0,0.0,0.0,0.0,0.0,0.0
-24,pedestrian,4,1,37,132.069039,0.033402,-10.221661663278828,-0.11331474552769634,0.24281723757625706,10.391319954654925,0.7618273926437436,-1.6324870760658434,0.0,0.0,0.0,0.0,0.0,0.0,0.0
-24,pedestrian,4,1,38,132.102494,0.033455,-10.225187010992666,-0.10576043141512395,0.22662942337717148,10.41502125150948,0.7110389056366465,-1.523654610212911,0.0,0.0,0.0,0.0,0.0,0.0,0.0
-24,pedestrian,4,1,39,132.135979,0.033485,-10.228477335599258,-0.09870973819778713,0.2115207965201047,10.437142462095741,0.6636363175878496,-1.4220776414639067,0.0,0.0,0.0,0.0,0.0,0.0,0.0
-24,pedestrian,4,1,40,132.16945900000002,0.03348,-10.231548305304266,-0.0921290911502139,0.1974194114271968,10.457788925492734,0.6193939019098016,-1.3272724703414396,0.0,0.0,0.0,0.0,0.0,0.0,0.0
-24,pedestrian,4,1,41,132.202917,0.033458,-10.234414543766436,-0.08598715386511459,0.18425811855297905,10.47705895817462,0.5781009804565723,-1.2387876435968779,0.0,0.0,0.0,0.0,0.0,0.0,0.0
-24,pedestrian,4,1,42,132.23639,0.033473,-10.23708969973408,-0.08025467902931721,0.17197424507392123,10.49504432218439,0.5395609202930574,-1.1562018049054483,0.0,0.0,0.0,0.0,0.0,0.0,0.0
-24,pedestrian,4,1,43,132.26986300000002,0.033473,-10.23958651203909,-0.0749043691502689,0.16050929637144906,10.511830662095889,0.5035901973449861,-1.0791216884421386,0.0,0.0,0.0,0.0,0.0,0.0,0.0
-24,pedestrian,4,1,44,132.303335,0.033472,-10.24191687025847,-0.06991074658142538,0.14980867706530604,10.527497912845842,0.4700175224985892,-1.0071802453919079,0.0,0.0,0.0,0.0,0.0,0.0,0.0
-24,pedestrian,4,1,45,132.336807,0.033472,-10.244091871330458,-0.0652500321596379,0.13982143265362437,10.542120680374744,0.43868302586707986,-0.9400348989452795,0.0,0.0,0.0,0.0,0.0,0.0,0.0
-24,pedestrian,4,1,46,132.37028,0.033473,-10.246121872397874,-0.060900032022503894,0.13050000411402013,10.555768596894556,0.4094374955943755,-0.8773659081811317,0.0,0.0,0.0,0.0,0.0,0.0,0.0
-24,pedestrian,4,1,47,132.403752,0.033472,-10.248016540127004,-0.05684003187392339,0.12180000445741498,10.568506652468898,0.3821416672302547,-0.8188748509236221,0.0,0.0,0.0,0.0,0.0,0.0,0.0
-24,pedestrian,4,1,48,132.43722400000001,0.033472,-10.249784896740202,-0.05305069839593394,0.11368000433968363,10.580395504491827,0.3566655606878707,-0.7642831962715212,0.0,0.0,0.0,0.0,0.0,0.0,0.0
-24,pedestrian,4,1,49,132.470696,0.033472,-10.251435362978341,-0.04951398714417543,0.1061013375527553,10.591491766531137,0.3328878611792695,-0.7133309852580367,0.0,0.0,0.0,0.0,0.0,0.0,0.0
-24,pedestrian,4,1,50,132.504175,0.033479,-10.252975798199131,-0.04621305662369847,0.0990279156143089,10.601848277915739,0.31069534153804307,-0.6657755892367926,0.0,0.0,0.0,0.0,0.0,0.0,0.0
-24,pedestrian,4,1,51,132.537654,0.033479,-10.254413537803593,-0.043132188133880124,0.09242605469455034,10.61151435535354,0.28998232313405103,-0.6213905521197607,0.0,0.0,0.0,0.0,0.0,0.0,0.0
-24,pedestrian,4,1,52,132.571126,0.033472,-10.255755428166156,-0.040256710876889895,0.08626431770970697,10.62053602777249,0.2706501725684964,-0.5799645169666402,0.0,0.0,0.0,0.0,0.0,0.0,0.0
-24,pedestrian,4,1,53,132.604599,0.033473,-10.257007859236158,-0.037572932100084486,0.08051336330416238,10.628956255504825,0.25260683197007755,-0.5413002179525648,0.0,0.0,0.0,0.0,0.0,0.0,0.0
-24,pedestrian,4,1,54,132.63807300000002,0.033474,-10.258176794966337,-0.03506807190539626,0.07514580584064678,10.636815134860779,0.2357663806785968,-0.5052135387444229,0.0,0.0,0.0,0.0,0.0,0.0,0.0
-24,pedestrian,4,1,55,132.671548,0.033475,-10.259267801712816,-0.0327302023943954,0.07013608533002587,10.644150089063876,0.2200486260929103,-0.47153263757059494,0.0,0.0,0.0,0.0,0.0,0.0,0.0
-24,pedestrian,4,1,56,132.70502100000002,0.033473,-10.260286074741112,-0.030548190848872687,0.06546034636568135,10.65099604645549,0.20537872174839047,-0.4400971303355947,0.0,0.0,0.0,0.0,0.0,0.0,0.0
-24,pedestrian,4,1,57,132.738494,0.033473,-10.261236462965702,-0.028511646737694785,0.06109632333533706,10.657385606820938,0.19168681096347495,-0.410757323547466,0.0,0.0,0.0,0.0,0.0,0.0,0.0
-24,pedestrian,4,1,58,132.77196700000002,0.033473,-10.262123492040098,-0.026610872231898477,0.057023235173889276,10.663349196626559,0.17890769416862382,-0.383373503845534,0.0,0.0,0.0,0.0,0.0,0.0,0.0
-24,pedestrian,4,1,59,132.80544,0.033473,-10.262951385907563,-0.0248368160239616,0.053221686238106275,10.66891521390761,0.16698051843154,-0.35781527211251435,0.0,0.0,0.0,0.0,0.0,0.0,0.0
-24,pedestrian,4,1,60,132.838912,0.033472,-10.26372408691508,-0.023181030225513082,0.04967357395345559,10.674110163496861,0.15584848767753312,-0.33396092262020644,0.0,0.0,0.0,0.0,0.0,0.0,0.0
-24,pedestrian,4,1,61,132.872396,0.033484,-10.264445274586432,-0.02163563014059538,0.046362002547531075,10.678958783237935,0.14545859223222765,-0.31169686335916397,0.0,0.0,0.0,0.0,0.0,0.0,0.0
-24,pedestrian,4,1,62,132.905869,0.033473,-10.265118383143944,-0.020193256725352007,0.0432712024573011,10.6834841617854,0.13576135642396087,-0.2909170742480039,0.0,0.0,0.0,0.0,0.0,0.0,0.0
-24,pedestrian,4,1,63,132.939343,0.033474,-10.265746617861758,-0.01884704153439583,0.04038645572868525,10.687707848550179,0.12671060294339026,-0.2715226044171182,0.0,0.0,0.0,0.0,0.0,0.0,0.0
-24,pedestrian,4,1,64,132.972822,0.033479,-10.266332970328886,-0.017590574013828672,0.0376940256170148,10.691649956315466,0.11826323295862298,-0.2534210995430185,0.0,0.0,0.0,0.0,0.0,0.0,0.0
-24,pedestrian,4,1,65,133.006295,0.033473,-10.266880232694504,-0.016417870968561284,0.035181091358021624,10.695329257011146,0.11037902087041594,-0.23652636264621127,0.0,0.0,0.0,0.0,0.0,0.0,0.0
-24,pedestrian,4,1,66,133.039778,0.033483,-10.267391010965225,-0.015323348121603731,0.032835685408726605,10.698763271106598,0.10302042286356561,-0.2207579402055099,0.0,0.0,0.0,0.0,0.0,0.0,0.0
-24,pedestrian,4,1,67,133.073265,0.033487,-10.267867737413681,-0.01430179345365732,0.030646640038392313,10.701968351039561,0.0961523979888686,-0.20604074624091034,0.0,0.0,0.0,0.0,0.0,0.0,0.0
-24,pedestrian,4,1,68,133.106749,0.033484,-10.268312682160454,-0.013348342403177354,0.028603531514399,10.704959759084257,0.08974224134091388,-0.19230469943864156,0.0,0.0,0.0,0.0,0.0,0.0,0.0
-24,pedestrian,4,1,69,133.140222,0.033473,-10.268727963985315,-0.012458454745820835,0.026696629720695572,10.707751740031139,0.08375942840642506,-0.1794843880346648,0.0,0.0,0.0,0.0,0.0,0.0,0.0
-24,pedestrian,4,1,70,133.173702,0.03348,-10.2691155604157,-0.011627892911555941,0.024916855027946796,10.71035758901742,0.07817546958844931,-0.16751876453927225,0.0,0.0,0.0,0.0,0.0,0.0,0.0
-24,pedestrian,4,1,71,133.207175,0.033473,-10.26947731714412,-0.010852701852564808,0.023255731769733997,10.712789714838248,0.07296377462485606,-0.15635084890779735,0.0,0.0,0.0,0.0,0.0,0.0,0.0
-24,pedestrian,4,1,72,133.240657,0.033482,-10.26981495681626,-0.010129190164208898,0.021705350650677305,10.715059699034677,0.06809952589289335,-0.1459274619588814,0.0,0.0,0.0,0.0,0.0,0.0,0.0
-24,pedestrian,4,1,73,133.274137,0.03348,-10.270130087235149,-0.009453912566665673,0.020258327926296768,10.71717835104582,0.06355956033428371,-0.13619896675828924,0.0,0.0,0.0,0.0,0.0,0.0,0.0
-24,pedestrian,4,1,74,133.30761900000002,0.033482,-10.270424209017225,-0.008823653462272422,0.018907773131797506,10.719155759682014,0.05932225908580379,-0.12711903745439765,0.0,0.0,0.0,0.0,0.0,0.0,0.0
-24,pedestrian,4,1,75,133.341093,0.033474,-10.270698722737365,-0.008235411604204055,0.017647255742051043,10.721001341165582,0.055367444507063525,-0.11864443736220796,0.0,0.0,0.0,0.0,0.0,0.0,0.0
-24,pedestrian,4,1,76,133.37456600000002,0.033473,-10.270954935598793,-0.007686385842841868,0.016470772840865604,10.722723883970755,0.051676284155181905,-0.1107348105564486,0.0,0.0,0.0,0.0,0.0,0.0,0.0
-24,pedestrian,4,1,77,133.40804500000002,0.033479,-10.271194067657735,-0.007173961768278671,0.015372722236895895,10.724331590673359,0.048231201078098564,-0.10335249231250021,0.0,0.0,0.0,0.0,0.0,0.0,0.0
-24,pedestrian,4,1,78,133.441521,0.033476,-10.271417257632978,-0.006695699257300111,0.0143478753293568,10.725832117010347,0.04501579010963798,-0.09646232905381744,0.0,0.0,0.0,0.0,0.0,0.0,0.0
-24,pedestrian,4,1,79,133.474995,0.033474,-10.271625568329021,-0.006249320881303592,0.013391351279895582,10.727232608336626,0.04201473978835858,-0.09003150963838191,0.0,0.0,0.0,0.0,0.0,0.0,0.0
-24,pedestrian,4,1,80,133.50846900000002,0.033474,-10.27181999169677,-0.005832701032471676,0.01249859546495746,10.728539733650353,0.03921375941176528,-0.08402941129779906,0.0,0.0,0.0,0.0,0.0,0.0,0.0
-24,pedestrian,4,1,81,133.541943,0.033474,-10.272001453556825,-0.005443855801681168,0.011665356923715254,10.729759717349522,0.036599510975097456,-0.07842745310003484,0.0,0.0,0.0,0.0,0.0,0.0,0.0
-24,pedestrian,4,1,82,133.57541600000002,0.033473,-10.272170818008647,-0.005080933554645863,0.010887667411059137,10.730898368872603,0.03415954569244907,-0.0731989584794515,0.0,0.0,0.0,0.0,0.0,0.0,0.0
-24,pedestrian,4,1,83,133.608904,0.033488,-10.272328891544708,-0.004742206081846294,0.010161824183987074,10.73196111036169,0.03188224467256609,-0.06831903059648949,0.0,0.0,0.0,0.0,0.0,0.0,0.0
-24,pedestrian,4,1,84,133.642383,0.033479,-10.272476426891766,-0.0044260604117200755,0.009484370103786556,10.732953002483478,0.029756763653660624,-0.06376443056716398,0.0,0.0,0.0,0.0,0.0,0.0,0.0
-24,pedestrian,4,1,85,133.675869,0.033486,-10.272614126594421,-0.004130991079682459,0.008852079961128492,10.733878768526418,0.027772981288210624,-0.059513470963499945,0.0,0.0,0.0,0.0,0.0,0.0,0.0
-24,pedestrian,4,1,86,133.709347,0.033478,-10.272742646361019,-0.0038555929979120092,0.008261942453113494,10.734742816893139,0.02592145100162777,-0.05554590859748566,0.0,0.0,0.0,0.0,0.0,0.0,0.0
-24,pedestrian,4,1,87,133.742832,0.033485,-10.272862598186364,-0.0035985547603496278,0.007711147126871444,10.735549262093363,0.024193356006724172,-0.051842849847107915,0.0,0.0,0.0,0.0,0.0,0.0,0.0
-24,pedestrian,4,1,88,133.776306,0.033474,-10.272974553265291,-0.00335865236777853,0.007197071777132936,10.73630194433577,0.022580467272205113,-0.04838666203557185,0.0,0.0,0.0,0.0,0.0,0.0,0.0
-24,pedestrian,4,1,89,133.809786,0.03348,-10.273079044712913,-0.0031347434286734086,0.006717268173153643,10.737004447815062,0.02107510437877363,-0.04516088680294447,0.0,0.0,0.0,0.0,0.0,0.0,0.0
-24,pedestrian,4,1,90,133.84326000000001,0.033474,-10.273176570103566,-0.002925761719582082,0.006269451272739793,10.737660117780024,0.019670098948866045,-0.04215016289722755,0.0,0.0,0.0,0.0,0.0,0.0,0.0
