id,agent_type,type,sim_state,tick_count,sim_time,delta_time,x,x_vel,x_acc,y,y_vel,y_acc,s,s_vel,s_acc,d,d_vel,d_acc,yaw
-1,pedestrian,4,1,1,0.0,0.0,8.770012220940309,0.6527108102498347,1.6182730323259675,2.7132133584817604,-1.283228431715499,4.090636090663643,0.0,0.0,0.0,0.0,0.0,0.0,0.0
-1,pedestrian,4,1,2,0.035843,0.035843,8.793393148080499,0.7014278142057007,1.461510118675979,2.6747974970243527,-1.1524758437222336,3.9225776397979635,0.0,0.0,0.0,0.0,0.0,0.0,0.0
-1,pedestrian,4,1,3,0.069344,0.033501,8.818234909780394,0.7452528509968309,1.314751103733908,2.640556517075177,-1.0272293984752652,3.757393357409051,0.0,0.0,0.0,0.0,0.0,0.0,0.0
-1,pedestrian,4,1,4,0.102809,0.033465,8.844385234879292,0.7845097529669521,1.1777070591036365,2.6103108270289734,-0.9073707013861136,3.595760912674546,0.0,0.0,0.0,0.0,0.0,0.0,0.0
-1,pedestrian,4,1,5,0.136315,0.033506,8.871702223940147,0.819509671825638,1.0499975657605767,2.5838853940942434,-0.7927629880419045,3.438231400326274,0.0,0.0,0.0,0.0,0.0,0.0,0.0
-1,pedestrian,4,1,6,0.169796,0.033481,8.900053860773426,0.8505491049983679,0.9311829951818938,2.5611102281626597,-0.6832549779475187,3.285240302831575,0.0,0.0,0.0,0.0,0.0,0.0,0.0
-1,pedestrian,4,1,7,0.203247,0.033451,8.929317483781189,0.877908690232901,0.8207875570359929,2.541820751113308,-0.5786843114805451,3.137119994009208,0.0,0.0,0.0,0.0,0.0,0.0,0.0
-1,pedestrian,4,1,8,0.236715,0.033468,8.959379236086646,0.9018525691637228,0.7183163679246546,2.5258580659612258,-0.47888055456246614,2.9941127075423686,0.0,0.0,0.0,0.0,0.0,0.0,0.0
-1,pedestrian,4,1,9,0.270193,0.033478,8.990133508715738,0.9226281788727726,0.6232682912714926,2.5130691398750353,-0.3836677825857092,2.8563831593027085,0.0,0.0,0.0,0.0,0.0,0.0,0.0
-1,pedestrian,4,1,10,0.303672,0.033479,9.021482386901553,0.9404663455744495,0.5351450010503066,2.5033069141135447,-0.29286677284472157,2.724030292229629,0.0,0.0,0.0,0.0,0.0,0.0,0.0
-1,pedestrian,4,1,11,0.337146,0.033474,9.053335106679981,0.9555815933528573,0.45345743335223365,2.4964303527589227,-0.20629684063866377,2.5970979661817335,0.0,0.0,0.0,0.0,0.0,0.0,0.0
-1,pedestrian,4,1,12,0.370618,0.033472,9.085607526552929,0.9681725961884207,0.3777300850668991,2.4923044408168717,-0.12377735826153366,2.4755844713139035,0.0,0.0,0.0,0.0,0.0,0.0,0.0
-1,pedestrian,4,1,13,0.404091,0.033473,9.11822161707742,0.9784227157347705,0.3075035863904934,2.490800140969497,-0.04512899542124428,2.3594508852086813,0.0,0.0,0.0,0.0,0.0,0.0,0.0
-1,pedestrian,4,1,14,0.437564,0.033473,9.151104969965598,0.9865005866453235,0.24233612731659016,2.4917943170901804,0.02982528362049852,2.248628371252284,0.0,0.0,0.0,0.0,0.0,0.0,0.0
-1,pedestrian,4,1,15,0.471038,0.033474,9.184190327059314,0.9925607128114912,0.18180378498503047,2.4951696315079466,0.1012594325329853,2.1430244673746035,0.0,0.0,0.0,0.0,0.0,0.0,0.0
-1,pedestrian,4,1,16,0.504513,0.033475,9.217415128788401,0.9967440518726431,0.12550017183456014,2.5008144220578434,0.16934371649690821,2.0425285189176874,0.0,0.0,0.0,0.0,0.0,0.0,0.0
-1,pedestrian,4,1,17,0.537986,0.033473,9.250721080914518,0.9991785637835163,0.07303535732619458,2.5086225640773705,0.234244260585818,1.9470163226672932,0.0,0.0,0.0,0.0,0.0,0.0,0.0
-1,pedestrian,4,1,18,0.57146,0.033474,9.284053737857922,0.9999797083021229,0.02403433555819712,2.518493321784384,0.2961227312103982,1.856354118737407,0.0,0.0,0.0,0.0,0.0,0.0,0.0
-1,pedestrian,4,1,19,0.604933,0.033473,9.317362100256032,0.9992508719433005,-0.021865090764671097,2.530331192830457,0.3551361313821919,1.7704020051538103,0.0,0.0,0.0,0.0,0.0,0.0,0.0
-1,pedestrian,4,1,20,0.638416,0.033483,9.350598223925982,0.9970837100984938,-0.06501485534420141,2.544045749295367,0.41143669394730625,1.6890168769534306,0.0,0.0,0.0,0.0,0.0,0.0,0.0
-1,pedestrian,4,1,21,0.671902,0.033486,9.38371683677626,0.9935583855083838,-0.10575973770329933,2.559551477946618,0.46517185953752416,1.6120549677065366,0.0,0.0,0.0,0.0,0.0,0.0,0.0
-1,pedestrian,4,1,22,0.705382,0.03348,9.416674959489297,0.9887436813911095,-0.1444411235182293,2.5767676222168165,0.5164843281059539,1.5393740570528938,0.0,0.0,0.0,0.0,0.0,0.0,0.0
-1,pedestrian,4,1,23,0.738866,0.033484,9.44943152496133,0.9826969641610073,-0.18140151690306747,2.5956180280682095,0.5655121755417892,1.470835423075061,0.0,0.0,0.0,0.0,0.0,0.0,0.0
-1,pedestrian,4,1,24,0.772339,0.033473,9.481946990303577,0.9754639602673997,-0.21699011680822763,2.6160309956709398,0.6123890280819044,1.4063055762034544,0.0,0.0,0.0,0.0,0.0,0.0,0.0
-1,pedestrian,4,1,25,0.805811,0.033472,9.514182933709181,0.9670783021681192,-0.2515697429784144,2.6379391386429667,0.6572442891608073,1.3456578323670891,0.0,0.0,0.0,0.0,0.0,0.0,0.0
-1,pedestrian,4,1,26,0.839283,0.033472,9.546101626388607,0.957560780382783,-0.2855256535600859,2.6612792524394675,0.700203413895028,1.2887737420266225,0.0,0.0,0.0,0.0,0.0,0.0,0.0
-1,pedestrian,4,1,27,0.872777,0.033494,9.577665566829856,0.9469182132374651,-0.31927701435954015,2.6859921933235333,0.7413882265219744,1.2355443788083922,0.0,0.0,0.0,0.0,0.0,0.0,0.0
-1,pedestrian,4,1,28,0.906217,0.03344,9.608836960499685,0.9351418100949133,-0.3532920942765548,2.7120227691468815,0.780917274700441,1.185871445353998,0.0,0.0,0.0,0.0,0.0,0.0,0.0
-1,pedestrian,4,1,29,0.939707,0.03349,9.639577122077919,0.9222048473470077,-0.38810888243716546,2.7393196428196003,0.8189062101815697,1.1396680644338621,0.0,0.0,0.0,0.0,0.0,0.0,0.0
-1,pedestrian,4,1,30,0.973165,0.033458,9.669845768430731,0.9080593905843977,-0.42436370287830155,2.767835248677138,0.8554681757261281,1.096858966336752,0.0,0.0,0.0,0.0,0.0,0.0,0.0
-1,pedestrian,4,1,31,1.006632,0.033467,9.699600157205037,0.8926316632291594,-0.4628318206571467,2.797525720615856,0.8907141581615475,1.0573794730625836,0.0,0.0,0.0,0.0,0.0,0.0,0.0
-1,pedestrian,4,1,32,1.04012,0.033488,9.728794005384922,0.8758154453965279,-0.5044865349789479,2.8283508281648544,0.9247532264699517,1.021172049252125,0.0,0.0,0.0,0.0,0.0,0.0,0.0
-1,pedestrian,4,1,33,1.073564,0.033444,9.756041597495129,0.8174277633062383,-1.751630462708687,2.857120928423472,0.8631030077585264,-1.8495065613427584,0.0,0.0,0.0,0.0,0.0,0.0,0.0
-1,pedestrian,4,1,34,1.107012,0.033448,9.781472683924884,0.7629325928926619,-1.6348551124072923,2.883973021880296,0.805562803704722,-1.7262061216141331,0.0,0.0,0.0,0.0,0.0,0.0,0.0
-1,pedestrian,4,1,35,1.140442,0.03343,9.80520836503865,0.7120704334129778,-1.5258647843905226,2.909034975657733,0.7518586133231063,-1.6111257114484712,0.0,0.0,0.0,0.0,0.0,0.0,0.0
-1,pedestrian,4,1,36,1.173909,0.033467,9.827361667845576,0.6645990842077485,-1.4241404761568817,2.9324261324033336,0.7017347023680238,-1.5037173286524768,0.0,0.0,0.0,0.0,0.0,0.0,0.0
-1,pedestrian,4,1,37,1.207395,0.033486,9.8480380842219,0.620292491289693,-1.3291977875416667,2.954257878587979,0.6549523855393651,-1.4034695048597627,0.0,0.0,0.0,0.0,0.0,0.0,0.0
-1,pedestrian,4,1,38,1.240869,0.033474,9.867336073253187,0.5789396709385995,-1.240584610532803,2.974634174917681,0.6112888898910559,-1.309904869449274,0.0,0.0,0.0,0.0,0.0,0.0,0.0
-1,pedestrian,4,1,39,1.27434,0.033471,9.885347530086959,0.5403437050131643,-1.1578789777630571,2.9936520513845837,0.570536294007091,-1.2225778765189452,0.0,0.0,0.0,0.0,0.0,0.0,0.0
-1,pedestrian,4,1,40,1.307812,0.033472,9.902158223528224,0.5043208032379282,-1.0806870532570834,3.011402069314513,0.5325005378978839,-1.141072683276215,0.0,0.0,0.0,0.0,0.0,0.0,0.0
-1,pedestrian,4,1,41,1.341296,0.033484,9.917848204462373,0.47069942802449105,-1.008641256403113,3.0279687526114567,0.4970004989083116,-1.065001169687168,0.0,0.0,0.0,0.0,0.0,0.0,0.0
-1,pedestrian,4,1,42,1.374769,0.033473,9.932492187050169,0.4393194776338443,-0.9413985117194025,3.0434309902524688,0.4638671292303619,-0.9940010903384915,0.0,0.0,0.0,0.0,0.0,0.0,0.0
-1,pedestrian,4,1,43,1.408243,0.033474,9.94615990450901,0.41003152376522106,-0.8786386160586984,3.0578624119493885,0.4329426509075937,-0.9277343496830451,0.0,0.0,0.0,0.0,0.0,0.0,0.0
-1,pedestrian,4,1,44,1.441716,0.033473,9.95891644117568,0.38269610000009974,-0.8200627129536403,3.07133173876652,0.40407980451395287,-0.8658853918092257,0.0,0.0,0.0,0.0,0.0,0.0,0.0
-1,pedestrian,4,1,45,1.4752,0.033484,9.970822542431675,0.3571830376798626,-0.7653918696071148,3.083903110363801,0.37714114791842834,-0.8081596978657354,0.0,0.0,0.0,0.0,0.0,0.0,0.0
-1,pedestrian,4,1,46,1.508672,0.033472,9.981934903966774,0.3333708460529602,-0.7143657488070716,3.0956363904237385,0.35199840179812925,-0.7542823836089738,0.0,0.0,0.0,0.0,0.0,0.0,0.0
-1,pedestrian,4,1,47,1.542146,0.033474,9.992306441758776,0.31114613376007827,-0.666741368786458,3.106587451716685,0.32853183878839626,-0.7039968902919898,0.0,0.0,0.0,0.0,0.0,0.0,0.0
-1,pedestrian,4,1,48,1.575632,0.033486,10.001986544053997,0.29040306885664324,-0.6222919471030514,3.1168084421615854,0.3066297133470124,-0.6570637632415154,0.0,0.0,0.0,0.0,0.0,0.0,0.0
-1,pedestrian,4,1,49,1.609117,0.033485,10.011021306549349,0.27104287486056816,-0.5808058198822522,3.1263480331493976,0.286187729634364,-0.613259511379452,0.0,0.0,0.0,0.0,0.0,0.0,0.0
-1,pedestrian,4,1,50,1.642602,0.033485,10.019453751895526,0.2529733603852885,-0.5420854342583905,3.135251651311596,0.2671085448659571,-0.5723755430522075,0.0,0.0,0.0,0.0,0.0,0.0,0.0
-1,pedestrian,4,1,51,1.676076,0.033474,10.02732403456697,0.2361084801433417,-0.5059464072584036,3.143561694837594,0.24930130577993895,-0.5342171725805441,0.0,0.0,0.0,0.0,0.0,0.0,0.0
-1,pedestrian,4,1,52,1.70955,0.033474,10.034669632073403,0.22036792519299697,-0.4722166485103417,3.1513177353708044,0.23268121599630853,-0.498602693508912,0.0,0.0,0.0,0.0,0.0,0.0,0.0
-1,pedestrian,4,1,53,1.743029,0.033479,10.041525523424289,0.20567674052656576,-0.4407355399929361,3.1585567064450704,0.21716913222797896,-0.46536251304988707,0.0,0.0,0.0,0.0,0.0,0.0,0.0
-1,pedestrian,4,1,54,1.776502,0.033473,10.047924355695274,0.19196496812955333,-0.41135317191037324,3.1653130793585778,0.20269118740522526,-0.43433834468261084,0.0,0.0,0.0,0.0,0.0,0.0,0.0
-1,pedestrian,4,1,55,1.809988,0.033486,10.05389659949088,0.1791673138681613,-0.3839296278417612,3.1716190273230502,0.18917843893417705,-0.4053824541314469,0.0,0.0,0.0,0.0,0.0,0.0,0.0
-1,pedestrian,4,1,56,1.843473,0.033485,10.059470694042185,0.1672228365391254,-0.35833431987107717,3.1775045786694194,0.1765665403910769,-0.3783569562930046,0.0,0.0,0.0,0.0,0.0,0.0,0.0
-1,pedestrian,4,1,57,1.876953,0.03348,10.064673182631703,0.15607465768554044,-0.33444536560754873,3.18299775983986,0.1647954351132259,-0.35313315833553016,0.0,0.0,0.0,0.0,0.0,0.0,0.0
-1,pedestrian,4,1,58,1.910438,0.033485,10.069528838989836,0.1456696907439983,-0.3121490082462641,3.188124728847006,0.15380907021437182,-0.3295909469656221,0.0,0.0,0.0,0.0,0.0,0.0,0.0
-1,pedestrian,4,1,59,1.94391,0.033472,10.074060785265504,0.13595838827001525,-0.29133907421949135,3.1929098998360925,0.14355512967258935,-0.30761821625347424,0.0,0.0,0.0,0.0,0.0,0.0,0.0
-1,pedestrian,4,1,60,1.97739,0.03348,10.07829060213133,0.1268945059748358,-0.27191646885538373,3.1973760593426954,0.1339847851980902,-0.28711033423497456,0.0,0.0,0.0,0.0,0.0,0.0,0.0
-1,pedestrian,4,1,61,2.010869,0.033479,10.082238431548756,0.11843488252279262,-0.2537887035612951,3.201544474800055,0.1250524637207893,-0.2679696443190278,0.0,0.0,0.0,0.0,0.0,0.0,0.0
-1,pedestrian,4,1,62,2.044352,0.033483,10.085923072681927,0.11053923399515261,-0.23686945582920033,3.2054349958125425,0.11671563037462647,-0.25010500038488476,0.0,0.0,0.0,0.0,0.0,0.0,0.0
-1,pedestrian,4,1,63,2.07784,0.033488,10.089362071417614,0.10316996207060351,-0.22107815773647302,3.2090661486776,0.10893458595172414,-0.23343133268706973,0.0,0.0,0.0,0.0,0.0,0.0,0.0
-1,pedestrian,4,1,64,2.111312,0.033472,10.09257180391708,0.09629197498398957,-0.20633961259841838,3.2124552246062117,0.10167227785835772,-0.2178692428009927,0.0,0.0,0.0,0.0,0.0,0.0,0.0
-1,pedestrian,4,1,65,2.144785,0.033473,10.095567554597766,0.08987252042055159,-0.19258363690313965,3.2156183620619743,0.09489412367288311,-0.20334462556423855,0.0,0.0,0.0,0.0,0.0,0.0,0.0
-1,pedestrian,4,1,66,2.178264,0.033479,10.098363588915777,0.08388102954036777,-0.17974472640551464,3.2185706236108365,0.08856784646587003,-0.18978831621039238,0.0,0.0,0.0,0.0,0.0,0.0,0.0
-1,pedestrian,4,1,67,2.211748,0.033484,10.100973221297567,0.07828897145369315,-0.16776174260023874,3.2213260676478965,0.08266332111180798,-0.17713576062186145,0.0,0.0,0.0,0.0,0.0,0.0,0.0
-1,pedestrian,4,1,68,2.245227,0.033479,10.103408878541547,0.07306971731943189,-0.15657762402783792,3.2238978153419877,0.07715243082273053,-0.1653267086723236,0.0,0.0,0.0,0.0,0.0,0.0,0.0
-1,pedestrian,4,1,69,2.278656,0.033429,10.105682158993025,0.06819841354432409,-0.14613911325323425,3.226298113117398,0.07200893326230512,-0.15430492681276245,0.0,0.0,0.0,0.0,0.0,0.0,0.0
-1,pedestrian,4,1,70,2.312135,0.033479,10.107803887774578,0.06365186344657495,-0.13639650293247435,3.2285383909701997,0.0672083355840448,-0.14401793034780938,0.0,0.0,0.0,0.0,0.0,0.0,0.0
-1,pedestrian,4,1,71,2.345615,0.03348,10.10978416833435,0.059408416793180124,-0.1273033996018447,3.2306293168968176,0.06272777779854333,-0.13441673356504422,0.0,0.0,0.0,0.0,0.0,0.0,0.0
-1,pedestrian,4,1,72,2.379095,0.03348,10.111632430557721,0.05544786670112768,-0.11881650276157331,3.2325808476940168,0.05854592391597299,-0.12545561647710998,0.0,0.0,0.0,0.0,0.0,0.0,0.0
-1,pedestrian,4,1,73,2.412573,0.033478,10.113357475671155,0.051751353402999474,-0.1108953989438463,3.2344022763721734,0.05464286034469506,-0.117091907138338,0.0,0.0,0.0,0.0,0.0,0.0,0.0
-1,pedestrian,4,1,74,2.446051,0.033478,10.114967518153176,0.04830127446063683,-0.10350236827087934,3.2361022764077587,0.0510000010675659,-0.10928577831387476,0.0,0.0,0.0,0.0,0.0,0.0,0.0
-1,pedestrian,4,1,75,2.479524,0.033473,10.116470224850943,0.04508120093304371,-0.09660220582779375,3.2376889430456086,0.04759999913550353,-0.10200005796187114,0.0,0.0,0.0,0.0,0.0,0.0,0.0
-1,pedestrian,4,1,76,2.513008,0.033484,10.117872751488603,0.042075799129824364,-0.09016205409658033,3.239169831847655,0.04442666406139825,-0.0952000522231583,0.0,0.0,0.0,0.0,0.0,0.0,0.0
-1,pedestrian,4,1,77,2.546489,0.033481,10.119181776742195,0.03927075760776666,-0.08415124566173117,3.2405519946717076,0.04146488472157719,-0.08885338019463188,0.0,0.0,0.0,0.0,0.0,0.0,0.0
-1,pedestrian,4,1,78,2.579968,0.033479,10.120403534042788,0.03665271901780368,-0.07854115769888936,3.2418420132516923,0.038700557399535845,-0.08292981966124037,0.0,0.0,0.0,0.0,0.0,0.0,0.0
-1,pedestrian,4,1,79,2.613452,0.033484,10.121543841260355,0.03420921652699612,-0.07330507472422693,3.2430460305396767,0.036120518639535304,-0.07740116280001624,0.0,0.0,0.0,0.0,0.0,0.0,0.0
-1,pedestrian,4,1,80,2.646932,0.03348,10.122608128407506,0.031928614414578824,-0.06841806337251902,3.2441697799577653,0.03371248254265885,-0.07224108290629362,0.0,0.0,0.0,0.0,0.0,0.0,0.0
-1,pedestrian,4,1,81,2.68042,0.033488,10.123601463496732,0.02980005267677126,-0.06385685213422689,3.2452186127001124,0.03146498227041359,-0.06742500816735789,0.0,0.0,0.0,0.0,0.0,0.0,0.0
-1,pedestrian,4,1,82,2.713899,0.033479,10.12452857667322,0.02781339529464917,-0.05959972146366271,3.246197523214734,0.029367315438649427,-0.06293000495292492,0.0,0.0,0.0,0.0,0.0,0.0,0.0
-1,pedestrian,4,1,83,2.747385,0.033486,10.125393882739921,0.02595918200103163,-0.05562639880852625,3.2471111729866613,0.02740949315781285,-0.058734668425097364,0.0,0.0,0.0,0.0,0.0,0.0,0.0
-1,pedestrian,4,1,84,2.780865,0.03348,10.126201502180443,0.024228583215646863,-0.051917963561543025,3.2479639127354916,0.025582192464903755,-0.05481902078727287,0.0,0.0,0.0,0.0,0.0,0.0,0.0
-1,pedestrian,4,1,85,2.814349,0.033484,10.126955280779697,0.022613357977628857,-0.04845675714054014,3.2487598031330145,0.023876711925684392,-0.05116441617658086,0.0,0.0,0.0,0.0,0.0,0.0,0.0
-1,pedestrian,4,1,86,2.847833,0.033484,10.127658807937873,0.02110581474531447,-0.045226296969431645,3.249502634139833,0.022284930204560422,-0.04775345163371908,0.0,0.0,0.0,0.0,0.0,0.0,0.0
-1,pedestrian,4,1,87,2.881318,0.033485,10.128315433763625,0.019698774772530382,-0.04221119918352264,3.2501959430530865,0.02079926739760343,-0.0445698842087098,0.0,0.0,0.0,0.0,0.0,0.0,0.0
-1,pedestrian,4,1,88,2.914802,0.033484,10.12892828502612,0.018385537874865222,-0.039397106929954816,3.2508430313506174,0.019412648925931756,-0.04159855415015016,0.0,0.0,0.0,0.0,0.0,0.0,0.0
-1,pedestrian,4,1,89,2.948288,0.033486,10.1295002800426,0.017159850494392722,-0.036770621414174975,3.2514469804114965,0.01811847182637584,-0.03882531298667746,0.0,0.0,0.0,0.0,0.0,0.0,0.0
-1,pedestrian,4,1,90,2.981774,0.033486,10.130034142577058,0.01601587603373361,-0.03431923381977328,3.2520106661898778,0.01691057335143758,-0.03623695424814781,0.0,0.0,0.0,0.0,0.0,0.0,0.0
-1,pedestrian,4,1,91,3.015254,0.03348,10.130532414810512,0.014948167003607097,-0.032031270903795435,3.2525367729100143,0.015783201604100235,-0.03382115242012033,0.0,0.0,0.0,0.0,0.0,0.0,0.0
-1,pedestrian,4,1,92,3.048743,0.033489,10.130997469445587,0.013951639052234125,-0.029895838541189147,3.2530278058481517,0.014730988144117023,-0.031566403799496365,0.0,0.0,0.0,0.0,0.0,0.0,0.0
-1,pedestrian,4,1,93,3.082223,0.03348,10.131431521007027,0.01302154684318431,-0.02790276627149442,3.2534861032629556,0.013748922444117687,-0.02946197099998005,0.0,0.0,0.0,0.0,0.0,0.0,0.0
