id,agent_type,type,sim_state,tick_count,sim_time,delta_time,x,x_vel,x_acc,y,y_vel,y_acc,s,s_vel,s_acc,d,d_vel,d_acc,yaw
53,pedestrian,1,2,1,287.120167,0.0,8.808255194453523,1.5183789579677387,0,4.315987640060484,-0.4465949445259229,0,0.0,0.0,0.0,0.0,0.0,0.0,200.77587056974306
53,pedestrian,1,2,2,287.15360599999997,0.033439,8.768145805131413,1.4903801119825035,0,4.295943883774623,-0.5330246598438008,0,0.0,0.0,0.0,0.0,0.0,0.0,200.71846197419282
53,pedestrian,1,2,3,287.187096,0.03349,8.717961490780386,1.4609598343699193,0,4.27587016053918,-0.6095333904663595,0,0.0,0.0,0.0,0.0,0.0,0.0,200.66667202940948
53,pedestrian,1,2,4,287.220573,0.033477,8.667796644052597,1.4237965622484416,0,4.2558042211575176,-0.6925941975511887,0,0.0,0.0,0.0,0.0,0.0,0.0,200.60918734885027
53,pedestrian,1,2,5,287.254057,0.033484,8.617619836453498,1.3826412151642864,0,4.235733498515378,-0.7725082680139412,0,0.0,0.0,0.0,0.0,0.0,0.0,200.55241702964207
53,pedestrian,1,2,6,287.287537,0.03348,8.56745050742155,1.382452916713594,0,4.215665765533858,-0.7740765077796335,0,0.0,0.0,0.0,0.0,0.0,0.0,200.55149492595882
53,pedestrian,1,2,7,287.32098299999996,0.033446,8.517332098820368,1.3363482417443417,0,4.195803021810873,-0.8525399544962163,0,0.0,0.0,0.0,0.0,0.0,0.0,200.4940634607572
53,pedestrian,1,2,8,287.35445599999997,0.033473,8.467171788613566,1.2856907283176544,0,4.185554278829363,-0.9285248461403451,0,0.0,0.0,0.0,0.0,0.0,0.0,200.4364598299096
53,pedestrian,1,2,9,287.38793,0.033474,8.41701145073316,1.225311900974278,0,4.165490144919208,-1.0083213848452344,0,0.0,0.0,0.0,0.0,0.0,0.0,200.37337488771928
53,pedestrian,1,2,10,287.421403,0.033473,8.36685256895803,1.165975676386666,0,4.14542659088188,-1.0779585511665788,0,0.0,0.0,0.0,0.0,0.0,0.0,200.31573631425977
53,pedestrian,1,2,11,287.45487699999995,0.033474,8.316690774190869,1.096393805615775,0,4.125361872621679,-1.1503833193351343,0,0.0,0.0,0.0,0.0,0.0,0.0,200.25250701366042
53,pedestrian,1,2,12,287.48837499999996,0.033498,8.2668466171863,1.0223508431075363,0,4.105283352343569,-1.2184686081700837,0,0.0,0.0,0.0,0.0,0.0,0.0,200.18923421645533
53,pedestrian,1,2,13,287.521863,0.033488,8.226313097515648,0.9441562470188486,0,4.085210801864078,-1.2818403117222406,0,0.0,0.0,0.0,0.0,0.0,0.0,200.1259802344134
53,pedestrian,1,2,14,287.555304,0.033441,8.176200769169048,0.8621981041996826,0,4.065165870921352,-1.3401912508554974,0,0.0,0.0,0.0,0.0,0.0,0.0,200.06281328634196
53,pedestrian,1,2,15,287.588754,0.03345,8.126076394425942,0.7766411265105013,0,4.045116119830659,-1.3933619033843754,0,0.0,0.0,0.0,0.0,0.0,0.0,199.99963115408008
53,pedestrian,1,2,16,287.622215,0.033461,8.075935467531549,0.6877949381423463,0,4.025059749420059,-1.4411245775800847,0,0.0,0.0,0.0,0.0,0.0,0.0,199.93642815680292
53,pedestrian,1,2,17,287.655688,0.033473,8.025775198164961,0.595677335528039,0,4.004995643388035,-1.483705911552051,0,0.0,0.0,0.0,0.0,0.0,0.0,199.87291659318495
53,pedestrian,1,2,18,287.68916099999996,0.033473,7.975616358478642,0.4982508106853323,0,3.984932108696222,-1.5216492122918852,0,0.0,0.0,0.0,0.0,0.0,0.0,199.807571895972
53,pedestrian,1,2,19,287.722642,0.033481,7.925445447564841,0.49299833921476377,0,3.964863740999765,-1.5255286192864028,0,0.0,0.0,0.0,0.0,0.0,0.0,199.80370821726004
53,pedestrian,1,2,20,287.75611599999996,0.033474,7.875283695743651,0.38779731483296753,0,3.944799041392162,-1.5581022689562316,0,0.0,0.0,0.0,0.0,0.0,0.0,199.73507136509227
53,pedestrian,1,2,21,287.789585,0.033469,7.82513085026088,0.2884657674854806,0,3.9253627723422406,-1.5820278008205675,0,0.0,0.0,0.0,0.0,0.0,0.0,199.67149532112649
53,pedestrian,1,2,22,287.823058,0.033473,7.774971911783523,0.17904782771231115,0,3.914674326886327,-1.600833244377354,0,0.0,0.0,0.0,0.0,0.0,0.0,199.60252183031199
53,pedestrian,1,2,23,287.856543,0.033485,7.7247936899529845,0.06837239853016978,0,3.8946030403472207,-1.6122365748826497,0,0.0,0.0,0.0,0.0,0.0,0.0,199.5335218227449
53,pedestrian,1,2,24,287.890017,0.033474,7.674633352330437,-0.04298865215780549,0,3.8745389039060245,-1.6161526134661048,0,0.0,0.0,0.0,0.0,0.0,0.0,199.4645464066719
53,pedestrian,1,2,25,287.92349099999996,0.033474,7.624472900203098,-0.15457959868415697,0,3.85447472458278,-1.612534185921321,0,0.0,0.0,0.0,0.0,0.0,0.0,199.3955708347257
53,pedestrian,1,2,26,287.95696399999997,0.033473,7.574312676500664,-0.26660752978420954,0,3.834410634288668,-1.60114492247075,0,0.0,0.0,0.0,0.0,0.0,0.0,199.32614379523554
53,pedestrian,1,2,27,287.99044299999997,0.033479,7.5241448456888795,-0.38548855010878263,0,3.8143435025407206,-1.5803008631862778,0,0.0,0.0,0.0,0.0,0.0,0.0,199.25188027766745
53,pedestrian,1,2,28,288.023916,0.033473,7.4739858785845,-0.49530364763391893,0,3.7942799159007308,-1.5530566847964633,0,0.0,0.0,0.0,0.0,0.0,0.0,199.18241751863272
53,pedestrian,1,2,29,288.05740099999997,0.033485,7.423807685845815,-0.6013490684208789,0,3.7742086385532247,-1.519502819622511,0,0.0,0.0,0.0,0.0,0.0,0.0,199.1142929638637
53,pedestrian,1,2,30,288.09088599999995,0.033485,7.372705998491663,-0.6123129078812783,0,3.755062774519366,-1.518863598306353,0,0.0,0.0,0.0,0.0,0.0,0.0,199.10793405444156
53,pedestrian,1,2,31,288.124397,0.033511,7.313414937151226,-0.71813687193277,0,3.744051537276476,-1.4760266453699444,0,0.0,0.0,0.0,0.0,0.0,0.0,199.0383275453762
53,pedestrian,1,2,32,288.157846,0.033449,7.263290708344233,-0.8274591881565351,0,3.7240018469299714,-1.4222786581813591,0,0.0,0.0,0.0,0.0,0.0,0.0,198.96422685697473
53,pedestrian,1,2,33,288.191311,0.033465,7.213143856932326,-0.9265228261607145,0,3.7039431072596436,-1.3646321555033225,0,0.0,0.0,0.0,0.0,0.0,0.0,198.8946842698654
53,pedestrian,1,2,34,288.224789,0.033478,7.162977366681272,-1.027643930133806,0,3.6838765092262222,-1.2955444378158063,0,0.0,0.0,0.0,0.0,0.0,0.0,198.82055653220573
53,pedestrian,1,2,35,288.258288,0.033499,7.111682832277859,-1.1181136650018852,0,3.663796854090725,-1.2239323276627354,0,0.0,0.0,0.0,0.0,0.0,0.0,198.7509001445681
53,pedestrian,1,2,36,288.29173499999996,0.033447,7.052658347172824,-1.2087094500515374,0,3.643748901311323,-1.1408577904540411,0,0.0,0.0,0.0,0.0,0.0,0.0,198.67687840018183
53,pedestrian,1,2,37,288.325198,0.033463,7.002514319736746,-1.2877536421694629,0,3.624839465712052,-1.0575885877391453,0,0.0,0.0,0.0,0.0,0.0,0.0,198.60792541375554
53,pedestrian,1,2,38,288.358674,0.033476,6.952349658904407,-1.3617233462895661,0,3.6136254257633262,-0.9678672308966657,0,0.0,0.0,0.0,0.0,0.0,0.0,198.5382673280616
53,pedestrian,1,2,39,288.39214799999996,0.033474,6.900976145853016,-1.4306134757139815,0,3.59356129087541,-0.871942125031701,0,0.0,0.0,0.0,0.0,0.0,0.0,198.4677145480345
53,pedestrian,1,2,40,288.425621,0.033473,6.842030294654265,-1.475439133357792,0,3.5734976801692295,-0.8005757428244863,0,0.0,0.0,0.0,0.0,0.0,0.0,198.4174934477131
53,pedestrian,1,2,41,288.459094,0.033473,6.791870142440819,-1.5648785340685651,0,3.554710631024194,-0.6199012377783554,0,0.0,0.0,0.0,0.0,0.0,0.0,198.29751859148405
53,pedestrian,1,2,42,288.49258599999996,0.033492,6.740368360148226,-1.6314664212236423,0,3.5433586964870045,-0.4259752969669227,0,0.0,0.0,0.0,0.0,0.0,0.0,198.17571951290498
53,pedestrian,1,2,43,288.526031,0.033445,6.681565749719645,-1.6841669510684874,0,3.523311862345232,-0.16170457893430945,0,0.0,0.0,0.0,0.0,0.0,0.0,198.0160716539373
53,pedestrian,1,2,44,288.559462,0.033431,6.6314685489230545,-1.695868009962125,0,3.5032729824621374,0.033702303952656776,0,0.0,0.0,0.0,0.0,0.0,0.0,197.90047963401258
53,pedestrian,1,2,45,288.592946,0.033484,6.579900831710412,-1.6839756018235894,0,3.484595247938018,0.2383660998997034,0,0.0,0.0,0.0,0.0,0.0,0.0,197.77973659596444
53,pedestrian,1,2,46,288.626396,0.03345,6.521168639442891,-1.6481156363607459,0,3.4731530182024852,0.4391883772588878,0,0.0,0.0,0.0,0.0,0.0,0.0,197.65992770997062
53,pedestrian,1,2,47,288.659859,0.033463,6.469577159220182,-1.5907576694743668,0,3.453094962326378,0.6283339312883467,0,0.0,0.0,0.0,0.0,0.0,0.0,197.5441748213905
53,pedestrian,1,2,48,288.693332,0.033473,6.410864659041627,-1.5165427566928267,0,3.43303142694601,0.8041756877416929,0,0.0,0.0,0.0,0.0,0.0,0.0,197.43278727216415
53,pedestrian,1,2,49,288.726817,0.033485,6.359174094187775,-1.462585430381901,0,3.414474124830854,0.906019876284154,0,0.0,0.0,0.0,0.0,0.0,0.0,197.36574961690613
53,pedestrian,1,2,50,288.76029,0.033473,6.300527498800246,-1.348046539495065,0,3.4028965636880626,1.0777571005259992,0,0.0,0.0,0.0,0.0,0.0,0.0,197.24592871317233
53,pedestrian,1,2,51,288.79376399999995,0.033474,6.24878955408144,-1.2181766335412723,0,3.382832428125749,1.230173238192448,0,0.0,0.0,0.0,0.0,0.0,0.0,197.13006578437526
53,pedestrian,1,2,52,288.82723899999996,0.033475,6.190205083730535,-1.0647106776352282,0,3.3643776195945967,1.3724747095392715,0,0.0,0.0,0.0,0.0,0.0,0.0,197.00935461968285
53,pedestrian,1,2,53,288.860724,0.033485,6.138381366277467,-0.896193150463671,0,3.3526963660692517,1.495161399190052,0,0.0,0.0,0.0,0.0,0.0,0.0,196.88954783128915
53,pedestrian,1,2,54,288.89419699999996,0.033473,6.079868165120735,-0.7035532844042477,0,3.332632830067078,1.5991041575324274,0,0.0,0.0,0.0,0.0,0.0,0.0,196.76402032863672
53,pedestrian,1,2,55,288.927671,0.033474,6.027998046081168,-0.42924840017475996,0,3.3142781179084175,1.7021259652695393,0,0.0,0.0,0.0,0.0,0.0,0.0,196.59660726742828
53,pedestrian,1,2,56,288.961151,0.03348,5.969536999459152,-0.23194020487180197,0,3.3025003632815237,1.7462461360830253,0,0.0,0.0,0.0,0.0,0.0,0.0,196.4816247877914
53,pedestrian,1,2,57,288.994625,0.033474,5.917600955021467,-0.03020848304172588,0,3.2824362275722505,1.7675509259045818,0,0.0,0.0,0.0,0.0,0.0,0.0,196.3666657610031
53,pedestrian,1,2,58,289.028103,0.033478,5.857401030964713,0.17338012764514815,0,3.2641786134707536,1.765607194138986,0,0.0,0.0,0.0,0.0,0.0,0.0,196.25169237583208
53,pedestrian,1,2,59,289.061577,0.033474,5.799048492894608,0.3760866755730801,0,3.2523049617510313,1.7401761309295116,0,0.0,0.0,0.0,0.0,0.0,0.0,196.1367305360359
53,pedestrian,1,2,60,289.095056,0.033479,5.747005755630422,0.5734650372750788,0,3.2341127355459367,1.692158529737638,0,0.0,0.0,0.0,0.0,0.0,0.0,196.02282858006225
53,pedestrian,1,2,61,289.12854,0.033484,5.686795024718751,0.7587985886189688,0,3.222167585634861,1.6240511687602277,0,0.0,0.0,0.0,0.0,0.0,0.0,195.91248989028182
53,pedestrian,1,2,62,289.16202,0.03348,5.626590375679915,0.9416354811880533,0,3.2020993684682164,1.5325603966590473,0,0.0,0.0,0.0,0.0,0.0,0.0,195.79862138762127
53,pedestrian,1,2,63,289.195491,0.033471,5.568378669659466,1.1066575684502122,0,3.1840123352743817,1.4254552025220069,0,0.0,0.0,0.0,0.0,0.0,0.0,195.68942009986515
53,pedestrian,1,2,64,289.22896499999996,0.033474,5.516210598282374,1.2726423202075323,0,3.171972775240597,1.2842911112493887,0,0.0,0.0,0.0,0.0,0.0,0.0,195.56870662725075
53,pedestrian,1,2,65,289.262438,0.033473,5.456018553966962,1.4608337315335922,0,3.153948201274399,1.0788138260011908,0,0.0,0.0,0.0,0.0,0.0,0.0,195.41487068259505
53,pedestrian,1,2,66,289.295911,0.033473,5.395827945638603,1.5698822447023855,0,3.1418452240679002,0.922881643556869,0,0.0,0.0,0.0,0.0,0.0,0.0,195.31022393452128
53,pedestrian,1,2,67,289.329385,0.033474,5.335635161804425,1.6642173848828623,0,3.123884302096876,0.7524949709561072,0,0.0,0.0,0.0,0.0,0.0,0.0,195.20342242148476
53,pedestrian,1,2,68,289.362863,0.033478,5.275434143276225,1.7347723287652055,0,3.111713958252794,0.5858776335817384,0,0.0,0.0,0.0,0.0,0.0,0.0,195.1044689468655
53,pedestrian,1,2,69,289.39633499999997,0.033472,5.215245334381711,1.7900530373626495,0,3.091651021863177,0.4068495990429467,0,0.0,0.0,0.0,0.0,0.0,0.0,195.00225435457762
53,pedestrian,1,2,70,289.429808,0.033473,5.155054330856407,1.8252696915641955,0,3.0737874969584493,0.23079611138755832,0,0.0,0.0,0.0,0.0,0.0,0.0,194.904541458692
53,pedestrian,1,2,71,289.463282,0.033474,5.094860523259486,1.8427682447043485,0,3.0615227504230527,0.051727178825161625,0,0.0,0.0,0.0,0.0,0.0,0.0,194.80682400903757
53,pedestrian,1,2,72,289.496769,0.033487,5.034644740269468,1.8423449115438684,0,3.043719231651221,-0.12859640657144283,0,0.0,0.0,0.0,0.0,0.0,0.0,194.7090708874941
53,pedestrian,1,2,73,289.53024899999997,0.03348,4.974441132236869,1.8181201147028558,0,3.0313829534276246,-0.329462057405024,0,0.0,0.0,0.0,0.0,0.0,0.0,194.59946521587383
53,pedestrian,1,2,74,289.563723,0.033474,4.911912700449603,1.7612146345805215,0,3.013652999436117,-0.5745934609119258,0,0.0,0.0,0.0,0.0,0.0,0.0,194.46339155777676
53,pedestrian,1,2,75,289.5972,0.033477,4.844049541922938,1.7040890927666428,0,3.001252424567351,-0.7325118616409568,0,0.0,0.0,0.0,0.0,0.0,0.0,194.37277263394782
53,pedestrian,1,2,76,289.630674,0.033474,4.7838567052997,1.6360481805766263,0,2.9835878929477095,-0.8772587467361719,0,0.0,0.0,0.0,0.0,0.0,0.0,194.2865527457514
53,pedestrian,1,2,77,289.664112,0.033438,4.723727667301001,1.5553432158561329,0,2.9711451326635365,-1.015270698288446,0,0.0,0.0,0.0,0.0,0.0,0.0,194.2004242435669
53,pedestrian,1,2,78,289.697547,0.033435,4.663605389953177,1.4728245838841847,0,2.953546006761392,-1.1337587411185062,0,0.0,0.0,0.0,0.0,0.0,0.0,194.12269914533772
53,pedestrian,1,2,79,289.731024,0.033477,4.6034071445921825,1.4104596818040869,0,2.941038291122839,-1.2103587580135726,0,0.0,0.0,0.0,0.0,0.0,0.0,194.0695446803373
53,pedestrian,1,2,80,289.764503,0.033479,4.5432043953681065,1.3402619138487188,0,2.9234791737693193,-1.287304946597972,0,0.0,0.0,0.0,0.0,0.0,0.0,194.01349253445053
53,pedestrian,1,2,81,289.797986,0.033483,4.482995806278512,1.25044354825932,0,2.913444408645306,-1.371503056092123,0,0.0,0.0,0.0,0.0,0.0,0.0,193.9471754213795
53,pedestrian,1,2,82,289.831465,0.033479,4.422793946320372,1.1157154422884075,0,2.9008338911523457,-1.4836829834115466,0,0.0,0.0,0.0,0.0,0.0,0.0,193.85271159663904
53,pedestrian,1,2,83,289.864943,0.033478,4.359982649635332,1.0342042471991166,0,2.883377276195806,-1.53946814224523,0,0.0,0.0,0.0,0.0,0.0,0.0,193.79947707756094
53,pedestrian,1,2,84,289.898421,0.033478,4.29239341511716,0.94548808289116,0,2.8707003808326723,-1.5932722023995822,0,0.0,0.0,0.0,0.0,0.0,0.0,193.74350538398855
53,pedestrian,1,2,85,289.93190799999996,0.033487,4.2321771507261605,0.8607586797488305,0,2.853307966919847,-1.6380550617435832,0,0.0,0.0,0.0,0.0,0.0,0.0,193.6917533172832
53,pedestrian,1,2,86,289.96538799999996,0.03348,4.171972639918004,0.7765164649462027,0,2.843273881278614,-1.6770521159889156,0,0.0,0.0,0.0,0.0,0.0,0.0,193.64156622080822
53,pedestrian,1,2,87,289.99886,0.033472,4.111783830686019,0.6948759245807368,0,2.8304971860267094,-1.7094861306794689,0,0.0,0.0,0.0,0.0,0.0,0.0,193.59401245812285
53,pedestrian,1,2,88,290.032333,0.033473,4.051592723694543,0.6046040978190657,0,2.813210562590783,-1.7403902686649722,0,0.0,0.0,0.0,0.0,0.0,0.0,193.54228201231663
53,pedestrian,1,2,89,290.065812,0.033479,3.991390028613139,0.515803826857226,0,2.8003659187567167,-1.765666716747618,0,0.0,0.0,0.0,0.0,0.0,0.0,193.49215211162598
53,pedestrian,1,2,90,290.099285,0.033473,3.931199420482843,0.4333677167293203,0,2.783145011183231,-1.7845020999930532,0,0.0,0.0,0.0,0.0,0.0,0.0,193.44616987462194
53,pedestrian,1,2,91,290.13275799999997,0.033473,3.8710082962379033,0.35029253835941,0,2.773113157476753,-1.799505963588551,0,0.0,0.0,0.0,0.0,0.0,0.0,193.40018724274702
53,pedestrian,1,2,92,290.16623899999996,0.033481,3.8108020214467087,0.26673656594642303,0,2.7601699158886572,-1.8106651560867955,0,0.0,0.0,0.0,0.0,0.0,0.0,193.3541930372126
53,pedestrian,1,2,93,290.199711,0.033472,3.7506132126779694,0.18291729407986201,0,2.7430473114244096,-1.8179162131777,0,0.0,0.0,0.0,0.0,0.0,0.0,193.30821217391983
53,pedestrian,1,2,94,290.23319499999997,0.033484,3.693377774570443,0.09896245073558049,0,2.7330121573352657,-1.8212568422927284,0,0.0,0.0,0.0,0.0,0.0,0.0,193.2622144173464
53,pedestrian,1,2,95,290.26668,0.033485,3.640188841058195,0.018221348810321492,0,2.719965522682947,-1.8208112821028015,0,0.0,0.0,0.0,0.0,0.0,0.0,193.2179399404701
53,pedestrian,1,2,96,290.30015,0.03347,3.580003628697089,-0.05494993038243775,0,2.702945713071467,-1.8172733826230352,0,0.0,0.0,0.0,0.0,0.0,0.0,193.1777090890837
53,pedestrian,1,2,97,290.333661,0.033511,3.519744135469906,-0.12793239081944513,0,2.6929024644220076,-1.8114267999915792,0,0.0,0.0,0.0,0.0,0.0,0.0,193.13742858496835
53,pedestrian,1,2,98,290.367145,0.033484,3.4595325040020173,-0.2004628766819805,0,2.6828671928261514,-1.8025406961399284,0,0.0,0.0,0.0,0.0,0.0,0.0,193.097180074459
53,pedestrian,1,2,99,290.400631,0.033486,3.399318520450312,-0.27247916401561223,0,2.6696754165211614,-1.7906891731368804,0,0.0,0.0,0.0,0.0,0.0,0.0,193.0569299911149
53,pedestrian,1,2,100,290.434087,0.033456,3.3391579100964814,-0.34058434282404015,0,2.6528047604335403,-1.7766843946788275,0,0.0,0.0,0.0,0.0,0.0,0.0,193.018539241462
53,pedestrian,1,2,101,290.46754999999996,0.033463,3.2821959140447725,-0.40433679712834375,0,2.6427757851466462,-1.7608368821210125,0,0.0,0.0,0.0,0.0,0.0,0.0,192.98222190624037
53,pedestrian,1,2,102,290.501022,0.033472,3.228795248178817,-0.47104262349750414,0,2.6295009913892233,-1.7419726414840415,0,0.0,0.0,0.0,0.0,0.0,0.0,192.94384693876606
