id,agent_type,type,sim_state,tick_count,sim_time,delta_time,x,x_vel,x_acc,y,y_vel,y_acc,s,s_vel,s_acc,d,d_vel,d_acc,yaw
54,pedestrian,1,2,1,287.453833,0.0,-10.491744805127382,1.0737895697689894,0,13.975987640209496,0.6871506295079026,0,0.0,0.0,0.0,0.0,0.0,0.0,289.5957879709233
54,pedestrian,1,2,2,287.48725499999995,0.033422,-10.481711839229332,1.122089729961105,0,13.93592170676649,0.6052378822972019,0,0.0,0.0,0.0,0.0,0.0,0.0,289.52118068211246
54,pedestrian,1,2,3,287.520723,0.033468,-10.461651297551944,1.1642526947604217,0,13.895800624342591,0.5198490363447821,0,0.0,0.0,0.0,0.0,0.0,0.0,289.44647069794814
54,pedestrian,1,2,4,287.554201,0.033478,-10.441664486903168,1.2000169651370907,0,13.855666365517022,0.43154101640779974,0,0.0,0.0,0.0,0.0,0.0,0.0,289.3717361795686
54,pedestrian,1,2,5,287.58768599999996,0.033485,-10.431513439675898,1.229187528146879,0,13.815524908362194,0.34089012231128746,0,0.0,0.0,0.0,0.0,0.0,0.0,289.2970545386359
54,pedestrian,1,2,6,287.62116799999995,0.033482,-10.411594652550049,1.250164236571419,0,13.775387030484575,0.2554243380748304,0,0.0,0.0,0.0,0.0,0.0,0.0,289.22806260708785
54,pedestrian,1,2,7,287.65462499999995,0.033457,-10.401389963670265,1.2652800167692302,0,13.735277958628103,0.16876184647315062,0,0.0,0.0,0.0,0.0,0.0,0.0,289.15912019102524
54,pedestrian,1,2,8,287.688088,0.033463,-10.381332421995161,1.2744500892495592,0,13.69516287478689,0.08122036618372992,0,0.0,0.0,0.0,0.0,0.0,0.0,289.090167441188
54,pedestrian,1,2,9,287.72155999999995,0.033472,-10.3615071382857,1.2776518286428558,0,13.655036971587784,-0.006807101806393786,0,0.0,0.0,0.0,0.0,0.0,0.0,289.021196097276
54,pedestrian,1,2,10,287.75503199999997,0.033472,-10.351205950272895,1.2749161771986777,0,13.614909929318321,-0.0947048880057744,0,0.0,0.0,0.0,0.0,0.0,0.0,288.95237716154566
54,pedestrian,1,2,11,287.788507,0.033475,-10.331443010267442,1.267234853790955,0,13.574780460894878,-0.175191815116558,0,0.0,0.0,0.0,0.0,0.0,0.0,288.88914780795915
54,pedestrian,1,2,12,287.821978,0.033471,-10.321078858419533,1.2546208084568633,0,13.534655745055346,-0.2548571157693933,0,0.0,0.0,0.0,0.0,0.0,0.0,288.8261167267596
54,pedestrian,1,2,13,287.85545399999995,0.033476,-10.301378875549224,1.2388152961533663,0,13.49452391808596,-0.32703540700092204,0,0.0,0.0,0.0,0.0,0.0,0.0,288.7684224564435
54,pedestrian,1,2,14,287.888878,0.033424,-10.290978778667137,1.2178042277795778,0,13.454455586237005,-0.401974223367008,0,0.0,0.0,0.0,0.0,0.0,0.0,288.7077033884705
54,pedestrian,1,2,15,287.922349,0.033471,-10.271330611870415,1.217827887229548,0,13.414330864220018,-0.4051908533332792,0,0.0,0.0,0.0,0.0,0.0,0.0,288.70533023114615
54,pedestrian,1,2,16,287.95582199999996,0.033473,-10.26085230712488,1.1936569904442318,0,13.374202642579363,-0.47492866726965555,0,0.0,0.0,0.0,0.0,0.0,0.0,288.64785078887496
54,pedestrian,1,2,17,287.989294,0.033472,-10.240789370132564,1.165881507600031,0,13.33407677136411,-0.5430142015236024,0,0.0,0.0,0.0,0.0,0.0,0.0,288.5906484217275
54,pedestrian,1,2,18,288.022767,0.033473,-10.221235304732623,1.1376220429372679,0,13.293949636769584,-0.6033031577745999,0,0.0,0.0,0.0,0.0,0.0,0.0,288.53891832635844
54,pedestrian,1,2,19,288.05623899999995,0.033472,-10.210662298137674,1.1063179393891973,0,13.253822625319566,-0.6621651078436919,0,0.0,0.0,0.0,0.0,0.0,0.0,288.48718838846855
54,pedestrian,1,2,20,288.08971099999997,0.033472,-10.191172084174218,1.0720810444786324,0,13.213696753294684,-0.719476037703839,0,0.0,0.0,0.0,0.0,0.0,0.0,288.43545991726415
54,pedestrian,1,2,21,288.123184,0.033473,-10.180535789714652,1.0355109259029398,0,13.173569609188249,-0.7743760951841107,0,0.0,0.0,0.0,0.0,0.0,0.0,288.3844225218757
54,pedestrian,1,2,22,288.156656,0.033472,-10.161108548130498,1.0047962432791,0,13.133442610835973,-0.8170440118467314,0,0.0,0.0,0.0,0.0,0.0,0.0,288.34382358853327
54,pedestrian,1,2,23,288.19012799999996,0.033472,-10.15040935421285,0.9681692761774312,0,13.093316737992431,-0.863476784185031,0,0.0,0.0,0.0,0.0,0.0,0.0,288.2982253038264
54,pedestrian,1,2,24,288.223599,0.033471,-10.131045890518726,0.9369028800611066,0,13.053191980829626,-0.9007509392661472,0,0.0,0.0,0.0,0.0,0.0,0.0,288.2607963082685
54,pedestrian,1,2,25,288.257072,0.033473,-10.121013843561673,0.9363416670538698,0,13.013063792398109,-0.9047573689183723,0,0.0,0.0,0.0,0.0,0.0,0.0,288.2582834469462
54,pedestrian,1,2,26,288.29054299999996,0.033471,-10.110220545296315,0.9067396940473675,0,12.972939118352581,-0.9379065340130796,0,0.0,0.0,0.0,0.0,0.0,0.0,288.2242354982269
54,pedestrian,1,2,27,288.324016,0.033473,-10.090950883523861,0.8811632450066591,0,12.93281195226946,-0.9654909350582467,0,0.0,0.0,0.0,0.0,0.0,0.0,288.1954965319357
54,pedestrian,1,2,28,288.35750099999996,0.033485,-10.080085681545922,0.8547779288549996,0,12.892669390786214,-0.9924344971610843,0,0.0,0.0,0.0,0.0,0.0,0.0,288.1667465405679
54,pedestrian,1,2,29,288.39097399999997,0.033473,-10.060883476182878,0.8286713199769615,0,12.852542320719106,-1.017930958098048,0,0.0,0.0,0.0,0.0,0.0,0.0,288.1389946539806
54,pedestrian,1,2,30,288.42445,0.033476,-10.049956758464072,0.8127192871863564,0,12.811517520710813,-1.03426413393021,0,0.0,0.0,0.0,0.0,0.0,0.0,288.121749723624
54,pedestrian,1,2,31,288.457922,0.033472,-10.030819040738283,0.7970457652660184,0,12.7622845794025,-1.0499719526790696,0,0.0,0.0,0.0,0.0,0.0,0.0,288.10503685506274
54,pedestrian,1,2,32,288.491409,0.033487,-10.020783077852576,0.7866158672892,0,12.722140724747957,-1.0613594577490573,0,0.0,0.0,0.0,0.0,0.0,0.0,288.09353648782223
54,pedestrian,1,2,33,288.52487599999995,0.033467,-10.00976134980488,0.777305503829629,0,12.68202072765043,-1.0718220668406309,0,0.0,0.0,0.0,0.0,0.0,0.0,288.0831793917779
54,pedestrian,1,2,34,288.558361,0.033485,-9.990717443171464,0.7790256083338446,0,12.64187819003085,-1.074193909000254,0,0.0,0.0,0.0,0.0,0.0,0.0,288.0831793917779
54,pedestrian,1,2,35,288.591818,0.033457,-9.979636135730738,0.7814091899319593,0,12.60071596617602,-1.0761094967046934,0,0.0,0.0,0.0,0.0,0.0,0.0,288.08378348130447
54,pedestrian,1,2,36,288.62528,0.033462,-9.960661966538526,0.7886598787889951,0,12.551656285008168,-1.0744708804899106,0,0.0,0.0,0.0,0.0,0.0,0.0,288.08890896972923
54,pedestrian,1,2,37,288.658754,0.033474,-9.95062963189315,0.7917642030260119,0,12.511526945544258,-1.0758098780769447,0,0.0,0.0,0.0,0.0,0.0,0.0,288.0901868646288
54,pedestrian,1,2,38,288.69222599999995,0.033472,-9.939451521810666,0.8065341874445463,0,12.47140107253174,-1.0684315649283789,0,0.0,0.0,0.0,0.0,0.0,0.0,288.10233905786197
54,pedestrian,1,2,39,288.72570199999996,0.033476,-9.920565460969485,0.8273291484966052,0,12.430090918049743,-1.0560746108484682,0,0.0,0.0,0.0,0.0,0.0,0.0,288.1202597173936
54,pedestrian,1,2,40,288.75917999999996,0.033478,-9.910531931293715,0.8532231466088663,0,12.381136139324745,-1.0390014880122964,0,0.0,0.0,0.0,0.0,0.0,0.0,288.1432548760254
54,pedestrian,1,2,41,288.792652,0.033472,-9.89925611956036,0.8801209197205417,0,12.341010265948249,-1.0199265907846404,0,0.0,0.0,0.0,0.0,0.0,0.0,288.1676712199597
54,pedestrian,1,2,42,288.826131,0.033479,-9.880466858415518,0.9173185458853121,0,12.29959790294442,-0.9902653468453221,0,0.0,0.0,0.0,0.0,0.0,0.0,288.2028964211239
54,pedestrian,1,2,43,288.859604,0.033473,-9.870434828835341,0.958263327154019,0,12.250747731962845,-0.9544114441447474,0,0.0,0.0,0.0,0.0,0.0,0.0,288.24313192689084
54,pedestrian,1,2,44,288.89307699999995,0.033473,-9.860403061261959,0.9984812609182987,0,12.210620660952257,-0.9160701053044714,0,0.0,0.0,0.0,0.0,0.0,0.0,288.28413514743306
54,pedestrian,1,2,45,288.92654999999996,0.033473,-9.848997698493157,1.0428445859178572,0,12.169119869904264,-0.8691850095095384,0,0.0,0.0,0.0,0.0,0.0,0.0,288.3316915499715
54,pedestrian,1,2,46,288.96003499999995,0.033485,-9.830335629160489,1.0932175815850085,0,12.120350932719505,-0.8094065936441611,0,0.0,0.0,0.0,0.0,0.0,0.0,288.38919143317617
54,pedestrian,1,2,47,288.993519,0.033484,-9.820300564449537,1.1372244849813085,0,12.080210674477495,-0.7515382129209609,0,0.0,0.0,0.0,0.0,0.0,0.0,288.44255067136004
54,pedestrian,1,2,48,289.02699199999995,0.033473,-9.808792698720309,1.1617659862724312,0,12.0386073730596,-0.7179460722428066,0,0.0,0.0,0.0,0.0,0.0,0.0,288.4729811288976
54,pedestrian,1,2,49,289.060473,0.033481,-9.790234331322871,1.1920641431290047,0,11.989945742354832,-0.6719479823594919,0,0.0,0.0,0.0,0.0,0.0,0.0,288.5132262268311
54,pedestrian,1,2,50,289.093952,0.033479,-9.780200765736371,1.2210652761608771,0,11.94826743887742,-0.6235824062119004,0,0.0,0.0,0.0,0.0,0.0,0.0,288.55435256624514
54,pedestrian,1,2,51,289.12742499999996,0.033473,-9.770168950080832,1.2519404384399968,0,11.899684218337917,-0.5656571737387055,0,0.0,0.0,0.0,0.0,0.0,0.0,288.6021408172966
54,pedestrian,1,2,52,289.16090399999996,0.033479,-9.75852545690984,1.2851085256810666,0,11.859548944814792,-0.4938389996521002,0,0.0,0.0,0.0,0.0,0.0,0.0,288.6596303629288
54,pedestrian,1,2,53,289.194377,0.033473,-9.740103364226535,1.3145273547007956,0,11.817780430707291,-0.4188490622939209,0,0.0,0.0,0.0,0.0,0.0,0.0,288.7180486362552
54,pedestrian,1,2,54,289.22785,0.033473,-9.730071545377173,1.3412738239805084,0,11.769294599197,-0.33568321750302843,0,0.0,0.0,0.0,0.0,0.0,0.0,288.78127452819
54,pedestrian,1,2,55,289.26132299999995,0.033473,-9.720039527903287,1.3629015395035489,0,11.727461251828851,-0.24945652990012498,0,0.0,0.0,0.0,0.0,0.0,0.0,288.8454787290028
54,pedestrian,1,2,56,289.29479599999996,0.033473,-9.70827071447485,1.3798808946322167,0,11.679039458761283,-0.15388329056105238,0,0.0,0.0,0.0,0.0,0.0,0.0,288.91544733831665
54,pedestrian,1,2,57,289.328269,0.033473,-9.689975939437897,1.3905150982564243,0,11.637143308380438,-0.05196362375803852,0,0.0,0.0,0.0,0.0,0.0,0.0,288.989155382453
54,pedestrian,1,2,58,289.361741,0.033472,-9.67994422415528,1.3947010770589292,0,11.588785314831137,0.021048813497366876,0,0.0,0.0,0.0,0.0,0.0,0.0,289.04162185897286
54,pedestrian,1,2,59,289.39523199999996,0.033491,-9.669907061383794,1.3974256969677876,0,11.546798921685019,-0.018424743499029034,0,0.0,0.0,0.0,0.0,0.0,0.0,289.0133536286658
54,pedestrian,1,2,60,289.428659,0.033427,-9.659889024385349,1.3981082742933002,0,11.498564515126185,-0.0833135795360348,0,0.0,0.0,0.0,0.0,0.0,0.0,288.9670108367045
54,pedestrian,1,2,61,289.462132,0.033473,-9.647969219320418,1.3985337670501246,0,11.456548673824466,-0.11565763841107615,0,0.0,0.0,0.0,0.0,0.0,0.0,288.9440191588123
54,pedestrian,1,2,62,289.495617,0.033485,-9.629821647900382,1.3981537643769681,0,11.408295010527079,-0.14807012702476138,0,0.0,0.0,0.0,0.0,0.0,0.0,288.9210197980427
54,pedestrian,1,2,63,289.52910199999997,0.033485,-9.61978622498206,1.396949674981127,0,11.366194739343662,-0.18051679071804497,0,0.0,0.0,0.0,0.0,0.0,0.0,288.89802030274694
54,pedestrian,1,2,64,289.56258599999995,0.033484,-9.609750919248736,1.3948531783486653,0,11.318012096806669,-0.21296471649122986,0,0.0,0.0,0.0,0.0,0.0,0.0,288.8750210765036
54,pedestrian,1,2,65,289.59605899999997,0.033473,-9.597693497235976,1.3921644307976253,0,11.275859370321935,-0.24376079622066069,0,0.0,0.0,0.0,0.0,0.0,0.0,288.8531905723023
54,pedestrian,1,2,66,289.629531,0.033472,-9.57968762208509,1.3894950479334005,0,11.22775890507075,-0.2697647751048386,0,0.0,0.0,0.0,0.0,0.0,0.0,288.83476896300766
54,pedestrian,1,2,67,289.663005,0.033474,-9.569655316147408,1.385271689405813,0,11.185540193230695,-0.3004110833823197,0,0.0,0.0,0.0,0.0,0.0,0.0,288.8129738014562
54,pedestrian,1,2,68,289.69647899999995,0.033474,-9.557501691492671,1.3808409681936318,0,11.13750141401228,-0.328024039515491,0,0.0,0.0,0.0,0.0,0.0,0.0,288.79329882193576
54,pedestrian,1,2,69,289.729948,0.033469,-9.53959261446045,1.3738949493256714,0,11.095226688266091,-0.3629323649713013,0,0.0,0.0,0.0,0.0,0.0,0.0,288.7682625168833
54,pedestrian,1,2,70,289.76342,0.033472,-9.52956091135745,1.3710088162986345,0,11.045068169718629,-0.3790818420487908,0,0.0,0.0,0.0,0.0,0.0,0.0,288.7567670315445
54,pedestrian,1,2,71,289.79689399999995,0.033474,-9.51731288259738,1.3677295978035493,0,10.997123793154406,-0.3951548994202971,0,0.0,0.0,0.0,0.0,0.0,0.0,288.7452711288657
54,pedestrian,1,2,72,289.83036699999997,0.033473,-9.499497008828639,1.3646417242370352,0,10.95474865540295,-0.40939934445092996,0,0.0,0.0,0.0,0.0,0.0,0.0,288.73506338532303
54,pedestrian,1,2,73,289.86385299999995,0.033486,-9.489461112104815,1.3630780161504523,0,10.904569173313874,-0.4174881000515532,0,0.0,0.0,0.0,0.0,0.0,0.0,288.72931324030066
54,pedestrian,1,2,74,289.897278,0.033425,-9.477142653340712,1.361734352565112,0,10.856783337357982,-0.4236700462742096,0,0.0,0.0,0.0,0.0,0.0,0.0,288.72489212232443
54,pedestrian,1,2,75,289.930752,0.033474,-9.459411591933616,1.3618828595670147,0,10.814321574489027,-0.4237162505637979,0,0.0,0.0,0.0,0.0,0.0,0.0,288.72489212232443
54,pedestrian,1,2,76,289.96423599999997,0.033484,-9.447007789882012,1.36210585066597,0,10.766513610428026,-0.4217598896963689,0,0.0,0.0,0.0,0.0,0.0,0.0,288.7262491773353
54,pedestrian,1,2,77,289.99771499999997,0.033479,-9.429342731368793,1.3637121687203684,0,10.72397727121164,-0.4136815709035946,0,0.0,0.0,0.0,0.0,0.0,0.0,288.73199798724426
54,pedestrian,1,2,78,290.03119899999996,0.033484,-9.416870382137082,1.3654264092363708,0,10.673801582781234,-0.4035710450311662,0,0.0,0.0,0.0,0.0,0.0,0.0,288.73914411691914
54,pedestrian,1,2,79,290.064683,0.033484,-9.399272302501899,1.3700403129847263,0,10.626097629731309,-0.3815859157653209,0,0.0,0.0,0.0,0.0,0.0,0.0,288.7548936328137
54,pedestrian,1,2,80,290.098171,0.033488,-9.386727273174492,1.3782639129542986,0,10.583443808705768,-0.34360471610077054,0,0.0,0.0,0.0,0.0,0.0,0.0,288.7822079923647
54,pedestrian,1,2,81,290.131651,0.03348,-9.369202097826188,1.3838474978327515,0,10.53581680745633,-0.3113839907916239,0,0.0,0.0,0.0,0.0,0.0,0.0,288.8052040935034
54,pedestrian,1,2,82,290.16513599999996,0.033485,-9.35658821391783,1.3883782019729287,0,10.49309616184411,-0.27902251101420106,0,0.0,0.0,0.0,0.0,0.0,0.0,288.8282039664813
54,pedestrian,1,2,83,290.19863499999997,0.033499,-9.336509093830834,1.392201214186492,0,10.445516217228654,-0.24446281103699485,0,0.0,0.0,0.0,0.0,0.0,0.0,288.8527128642116
54,pedestrian,1,2,84,290.23211,0.033475,-9.319094502859326,1.3961573416069275,0,10.402736126467461,-0.20182925327292797,0,0.0,0.0,0.0,0.0,0.0,0.0,288.8829722186185
54,pedestrian,1,2,85,290.26559499999996,0.033485,-9.306373031727599,1.3994457738803865,0,10.355244092030256,-0.15324088212661338,0,0.0,0.0,0.0,0.0,0.0,0.0,288.91747201699997
54,pedestrian,1,2,86,290.299068,0.033473,-9.286309495848453,1.4016061440103953,0,10.315117020510217,-0.10252089838767095,0,0.0,0.0,0.0,0.0,0.0,0.0,288.9535157964661
54,pedestrian,1,2,87,290.332542,0.033474,-9.266245195731727,1.4034841653399222,0,10.272238614408604,-0.043811905035592506,0,0.0,0.0,0.0,0.0,0.0,0.0,288.9953273086871
54,pedestrian,1,2,88,290.366027,0.033485,-9.248959419325201,1.40271142477315,0,10.2248460945414,0.02075065470909157,0,0.0,0.0,0.0,0.0,0.0,0.0,289.0413270261936
54,pedestrian,1,2,89,290.399495,0.033468,-9.236113493216688,1.3985987345221025,0,10.184725016120575,0.08735500810113964,0,0.0,0.0,0.0,0.0,0.0,0.0,289.08891564680226
54,pedestrian,1,2,90,290.43298,0.033485,-9.2160425933206,1.3906232947072634,0,10.141732111314937,0.15939892481299134,0,0.0,0.0,0.0,0.0,0.0,0.0,289.14066464915084
54,pedestrian,1,2,91,290.466454,0.033474,-9.19597803026228,1.3783591852796842,0,10.094454090173501,0.23306924228449666,0,0.0,0.0,0.0,0.0,0.0,0.0,289.19404937551764
54,pedestrian,1,2,92,290.49992699999996,0.033473,-9.175914494941845,1.3602688642692098,0,10.054327019141338,0.3136972168071738,0,0.0,0.0,0.0,0.0,0.0,0.0,289.25319743295074
54,pedestrian,1,2,93,290.53340199999997,0.033475,-9.155849583091078,1.335024091721277,0,10.014197196236891,0.4006654479543361,0,0.0,0.0,0.0,0.0,0.0,0.0,289.3181162001925
54,pedestrian,1,2,94,290.566875,0.033473,-9.135785624450834,1.302194614930087,0,9.974069278174824,0.49095133235880656,0,0.0,0.0,0.0,0.0,0.0,0.0,289.3870910088904
54,pedestrian,1,2,95,290.60035899999997,0.033484,-9.115715495927493,1.2620554839185616,0,9.93392901942531,0.5807275263522914,0,0.0,0.0,0.0,0.0,0.0,0.0,289.45781430082764
54,pedestrian,1,2,96,290.63384599999995,0.033487,-9.095643384894595,1.211767098206861,0,9.893784799615897,0.6742433873975375,0,0.0,0.0,0.0,0.0,0.0,0.0,289.5343152971438
54,pedestrian,1,2,97,290.667329,0.033483,-9.075573438258779,1.15005396406127,0,9.853644906667869,0.7700426694793518,0,0.0,0.0,0.0,0.0,0.0,0.0,289.6165778888451
54,pedestrian,1,2,98,290.70080399999995,0.033475,-9.055508703445307,1.0773847022427518,0,9.813515437331313,0.8645419088453499,0,0.0,0.0,0.0,0.0,0.0,0.0,289.7027997346447
54,pedestrian,1,2,99,290.734291,0.033487,-9.035436587778715,0.9931886036645886,0,9.773371205464064,0.9555509954236375,0,0.0,0.0,0.0,0.0,0.0,0.0,289.7926676440003
54,pedestrian,1,2,100,290.76777599999997,0.033485,-9.012175771051279,0.8932765610413156,0,9.733228926982786,1.0456743410618592,0,0.0,0.0,0.0,0.0,0.0,0.0,289.8904169256799
