id,agent_type,type,sim_state,tick_count,sim_time,delta_time,x,x_vel,x_acc,y,y_vel,y_acc,s,s_vel,s_acc,d,d_vel,d_acc,yaw
-49,pedestrian,4,1,1,35.168467,0.0,2.1217626798307814,-0.8610426384499846,3.326151206056979,24.677672390106757,0.1616706576477916,-1.8544253164330007,0.0,0.0,0.0,0.0,0.0,0.0,0.0
-49,pedestrian,4,1,2,35.201962,0.033495,2.0965425549308288,-0.756603746998582,3.1331667435420787,24.681170342721593,0.1049385784450488,-1.701962376082284,0.0,0.0,0.0,0.0,0.0,0.0,0.0
-49,pedestrian,4,1,3,35.235451,0.033489,2.074599299984954,-0.6582976483762499,2.949182958669961,24.682932129663875,0.052853608268491184,-1.5625491052967284,0.0,0.0,0.0,0.0,0.0,0.0,0.0
-49,pedestrian,4,1,4,35.268893,0.033442,2.0557386703331475,-0.5658188895541849,2.77436276466195,24.68309962193948,0.005024768268101817,-1.434865200011681,0.0,0.0,0.0,0.0,0.0,0.0,0.0
-49,pedestrian,4,1,5,35.302375,0.033482,2.039776566465518,-0.4788631160288895,2.6086732057588624,24.681802933621466,-0.038900649540433915,-1.317762534256072,0.0,0.0,0.0,0.0,0.0,0.0,0.0
-49,pedestrian,4,1,6,35.335865,0.03349,2.0265388523849137,-0.3971314224181187,2.451950808323123,24.679161538736796,-0.0792418465401064,-1.2102359099901745,0.0,0.0,0.0,0.0,0.0,0.0,0.0
-49,pedestrian,4,1,7,35.369323,0.033458,2.015861078325882,-0.3203332217709599,2.3039460194147634,24.675285255376682,-0.11628850080343761,-1.1113996278999367,0.0,0.0,0.0,0.0,0.0,0.0,0.0
-49,pedestrian,4,1,8,35.402777,0.033454,2.0075881418926933,-0.2481880929956563,2.1643538632591075,24.67027511788178,-0.15030412484704403,-1.0204687213081924,0.0,0.0,0.0,0.0,0.0,0.0,0.0
-49,pedestrian,4,1,9,35.436259,0.033482,2.0015739113855435,-0.18042691521449244,2.032835333434916,24.6642241538839,-0.18152891993641676,-0.9367438526811822,0.0,0.0,0.0,0.0,0.0,0.0,0.0
-49,pedestrian,4,1,10,35.469738,0.033479,1.997680828040005,-0.11679250036616175,1.9090324454499208,24.657218079811013,-0.2101822221865903,-0.859599067505206,0.0,0.0,0.0,0.0,0.0,0.0,0.0
-49,pedestrian,4,1,11,35.503198,0.03346,1.9957794990077449,-0.0570398709678024,1.7925788819507804,24.64933592598337,-0.23646461482930894,-0.7884717792815591,0.0,0.0,0.0,0.0,0.0,0.0,0.0
-49,pedestrian,4,1,12,35.536659,0.033461,1.9957482894539842,-0.0009362866128206429,1.6831075306494527,24.640650600485557,-0.2605597649343153,-0.7228545031501917,0.0,0.0,0.0,0.0,0.0,0.0,0.0
-49,pedestrian,4,1,13,35.570159,0.0335,1.9974729196839094,0.0517389068977527,1.5802558053172002,24.63122939946579,-0.2826360305929569,-0.6622879697592464,0.0,0.0,0.0,0.0,0.0,0.0,0.0
-49,pedestrian,4,1,14,35.603611,0.033452,2.0008460714347738,0.10119455252593298,1.4836693688454083,24.621134470294727,-0.30284787513194966,-0.606355336169784,0.0,0.0,0.0,0.0,0.0,0.0,0.0
-49,pedestrian,4,1,15,35.637096,0.033485,2.0057670061802346,0.14762804236383076,1.393004695136933,24.610423233039253,-0.3213371176641823,-0.5546772759669797,0.0,0.0,0.0,0.0,0.0,0.0,0.0
-49,pedestrian,4,1,16,35.670554,0.033458,2.0121411973501084,0.19122573509620794,1.307930781971315,24.599148764917977,-0.33823404363826265,-0.506907779222409,0.0,0.0,0.0,0.0,0.0,0.0,0.0
-49,pedestrian,4,1,17,35.704017,0.033463,2.019879977676307,0.2321634097859515,1.228130240692307,24.587360151763,-0.35365839464929966,-0.4627305303311108,0.0,0.0,0.0,0.0,0.0,0.0,0.0
-49,pedestrian,4,1,18,35.737501,0.033484,2.028900202366784,0.27060674071430213,1.1532999278505183,24.575102809986905,-0.367720253282881,-0.4218557590074408,0.0,0.0,0.0,0.0,0.0,0.0,0.0
-49,pedestrian,4,1,19,35.770922999999996,0.033422,2.0391239284360076,0.3067117820767077,1.083151240872166,24.56241878212037,-0.38052083599599434,-0.3840174813934002,0.0,0.0,0.0,0.0,0.0,0.0,0.0
-49,pedestrian,4,1,20,35.804394,0.033471,2.050478110248335,0.3406254543698118,1.0174101687931225,24.549347008627567,-0.3921532047841435,-0.34897106364447505,0.0,0.0,0.0,0.0,0.0,0.0,0.0
-49,pedestrian,4,1,21,35.837847,0.033453,2.062894311134836,0.3724860265950337,0.9558171667566577,24.535923578408998,-0.4027029065570652,-0.3164910531876509,0.0,0.0,0.0,0.0,0.0,0.0,0.0
-49,pedestrian,4,1,22,35.871327,0.03348,2.076308430806241,0.4024235901421402,0.8981269064131949,24.522181960156068,-0.4122485475878556,-0.28636923092371286,0.0,0.0,0.0,0.0,0.0,0.0,0.0
-49,pedestrian,4,1,23,35.904814,0.033487,2.090660448191792,0.43056052156653246,0.8441079427317691,24.50815321651904,-0.4208623091108357,-0.25841284568940337,0.0,0.0,0.0,0.0,0.0,0.0,0.0
-49,pedestrian,4,1,24,35.938277,0.033463,2.1058941792759907,0.4570119325259612,0.793542328782862,24.493866202886483,-0.4286104089767818,-0.23244299597838303,0.0,0.0,0.0,0.0,0.0,0.0,0.0
-49,pedestrian,4,1,25,35.971741,0.033464,2.121957049475604,0.4818861059884058,0.7462252038733387,24.47934775244615,-0.4355535132100756,-0.20829312699881408,0.0,0.0,0.0,0.0,0.0,0.0,0.0
-49,pedestrian,4,1,26,36.00523,0.033489,2.1387998800934303,0.5052849185347845,0.7019643763913614,24.464622849102057,-0.4417471003227886,-0.18580761338138813,0.0,0.0,0.0,0.0,0.0,0.0,0.0
-49,pedestrian,4,1,27,36.038731,0.033501,2.1563766883999804,0.5273042491965109,0.6605799198517907,24.449714789761845,-0.44724178020638217,-0.1648403965078078,0.0,0.0,0.0,0.0,0.0,0.0,0.0
-49,pedestrian,4,1,28,36.072179,0.033448,2.1746445009282223,0.5480343758472487,0.6219037995221354,24.434645337484795,-0.4520835683115148,-0.14525364315397948,0.0,0.0,0.0,0.0,0.0,0.0,0.0
-49,pedestrian,4,1,29,36.10562,0.033441,2.1935631796204964,0.5675603607682216,0.5857795476291865,24.4194348669984,-0.45631411459178306,-0.1269163884080478,0.0,0.0,0.0,0.0,0.0,0.0,0.0
-49,pedestrian,4,1,30,36.139075,0.033455,2.21309526054245,0.5859624276586045,0.552062006711489,24.404102504161127,-0.4599708851182366,-0.10970311579360632,0.0,0.0,0.0,0.0,0.0,0.0,0.0
-49,pedestrian,4,1,31,36.172556,0.033481,2.233205804981411,0.6033163331688375,0.5206171653069886,24.38866626108309,-0.4630872923410271,-0.09349221668371463,0.0,0.0,0.0,0.0,0.0,0.0,0.0
-49,pedestrian,4,1,32,36.206042,0.033486,2.253862262883231,0.6196937370545975,0.49132211657279967,24.37314316883969,-0.4656927673020722,-0.07816424883135341,0.0,0.0,0.0,0.0,0.0,0.0,0.0
-49,pedestrian,4,1,33,36.239523,0.033481,2.2750343487650335,0.6351625764540779,0.46406518198441227,24.35754941005711,-0.46781276347736583,-0.0635998852588094,0.0,0.0,0.0,0.0,0.0,0.0,0.0
-49,pedestrian,4,1,34,36.272985,0.033462,2.2947949622540578,0.5928184046707325,-1.2703251535003603,24.34299523519742,-0.43662524579064343,0.9356255306016723,0.0,0.0,0.0,0.0,0.0,0.0,0.0
-49,pedestrian,4,1,35,36.306464,0.033479,2.3132382015098174,0.553297177672788,-1.1856368099383383,24.329411338665786,-0.40751689594902135,0.873250495248662,0.0,0.0,0.0,0.0,0.0,0.0,0.0
-49,pedestrian,4,1,36,36.339946,0.033482,2.330451891481182,0.5164106991409331,-1.1065943559556455,24.3167330352404,-0.3803491027615575,0.8150337956239169,0.0,0.0,0.0,0.0,0.0,0.0,0.0
-49,pedestrian,4,1,37,36.373433,0.033487,2.346518002120436,0.48198331917762677,-1.0328213988991886,24.304899952047535,-0.35499249578592823,0.7606982092688777,0.0,0.0,0.0,0.0,0.0,0.0,0.0
-49,pedestrian,4,1,38,36.406916,0.033483,2.3615130387163674,0.4498510978779503,-0.9639666389902937,24.293855741071745,-0.33132632927366035,0.7099849953680358,0.0,0.0,0.0,0.0,0.0,0.0,0.0
-49,pedestrian,4,1,39,36.440366,0.03345,2.3755084062051814,0.4198610246644252,-0.8997021964057529,24.28354781083191,-0.3092379071951433,0.6626526623555113,0.0,0.0,0.0,0.0,0.0,0.0,0.0
-49,pedestrian,4,1,40,36.473854,0.033488,2.3885707491939865,0.39187028966415544,-0.8397220500080935,24.273927075945664,-0.2886220465872944,0.6184758182354685,0.0,0.0,0.0,0.0,0.0,0.0,0.0
-49,pedestrian,4,1,41,36.507342,0.033488,2.400762269316081,0.3657456036628269,-0.7837405800398562,24.264947723389454,-0.2693805766862761,0.5772440970305494,0.0,0.0,0.0,0.0,0.0,0.0,0.0
-49,pedestrian,4,1,42,36.54082,0.033478,2.412141021429185,0.34136256339312687,-0.7314912080910007,24.256566994341327,-0.25142187144379324,0.5387611572744849,0.0,0.0,0.0,0.0,0.0,0.0,0.0
-49,pedestrian,4,1,43,36.574282,0.033462,2.4227611900671575,0.3186050591391658,-0.6827251276188321,24.24874498056743,-0.23466041321694078,0.5028437468055736,0.0,0.0,0.0,0.0,0.0,0.0,0.0
-49,pedestrian,4,1,44,36.607743,0.033461,2.4326733474615563,0.2973647218319617,-0.6372101192161231,24.241444434382878,-0.21901638553661532,0.46932083040976386,0.0,0.0,0.0,0.0,0.0,0.0,0.0
-49,pedestrian,4,1,45,36.641208,0.033465,2.4419246943618047,0.27754040700745153,-0.5947294447353061,24.23463059128175,-0.20441529303379624,0.4380327750845723,0.0,0.0,0.0,0.0,0.0,0.0,0.0
-49,pedestrian,4,1,46,36.674675,0.033467,2.450559284800634,0.2590377131648749,-0.5550808152772991,24.228271004391917,-0.19078760669498662,0.4088305901642883,0.0,0.0,0.0,0.0,0.0,0.0,0.0
-49,pedestrian,4,1,47,36.708148,0.033473,2.4586182358751922,0.2417685322367487,-0.5180754278437855,24.22233538996604,-0.1780684327763437,0.38157521755928764,0.0,0.0,0.0,0.0,0.0,0.0,0.0
-49,pedestrian,4,1,48,36.741616,0.033468,2.4661399235426944,0.22565063002505964,-0.4835370663506723,24.21679548317336,-0.16619720378040292,0.3561368698782237,0.0,0.0,0.0,0.0,0.0,0.0,0.0
-49,pedestrian,4,1,49,36.775138,0.033522,2.473160165363086,0.21060725461174745,-0.45130126239936563,24.211624903505193,-0.15511739004498237,0.33239441206261683,0.0,0.0,0.0,0.0,0.0,0.0,0.0
-49,pedestrian,4,1,50,36.811133,0.035995,2.4797123910587127,0.19656677086880645,-0.42121451228822987,24.20679902915359,-0.14477623054812913,0.3102347849055973,0.0,0.0,0.0,0.0,0.0,0.0,0.0
-49,pedestrian,4,1,51,36.844617,0.033484,2.4858278017035813,0.18346231934606408,-0.3931335456822707,24.202294879764533,-0.13512448167170743,0.28955246629265097,0.0,0.0,0.0,0.0,0.0,0.0,0.0
-49,pedestrian,4,1,52,36.878067,0.03345,2.4915355182997887,0.1712314978862264,-0.3669246437951304,24.198091007007797,-0.1261161827020881,0.27024896908858015,0.0,0.0,0.0,0.0,0.0,0.0,0.0
-49,pedestrian,4,1,53,36.911531,0.033464,2.496862720448836,0.15981606447140836,-0.3424630024445412,24.194167392442058,-0.11770843697217229,0.25223237189747466,0.0,0.0,0.0,0.0,0.0,0.0,0.0
-49,pedestrian,4,1,54,36.945014,0.033483,2.501834775778271,0.14916165988305613,-0.31963213765056686,24.19050535218907,-0.10986120758963377,0.23541688147615514,0.0,0.0,0.0,0.0,0.0,0.0,0.0
-49,pedestrian,4,1,55,36.978499,0.033485,2.506475360739906,0.13921754884904494,-0.2983233310203356,24.187087447962817,-0.102537126787622,0.21972242406035333,0.0,0.0,0.0,0.0,0.0,0.0,0.0
-49,pedestrian,4,1,56,37.011979,0.03348,2.5108065733544414,0.12993637843605654,-0.27843511238965163,24.183897404030308,-0.09570131797524196,0.20507426437140105,0.0,0.0,0.0,0.0,0.0,0.0,0.0
-49,pedestrian,4,1,57,37.045467,0.033488,2.514849038440142,0.12127395257102812,-0.25987277595085273,24.180920029708112,-0.08932122966582876,0.19140264928239642,0.0,0.0,0.0,0.0,0.0,0.0,0.0
-49,pedestrian,4,1,58,37.078934,0.033467,2.518622005826216,0.11318902158221868,-0.2425479296642833,24.178141147025904,-0.08336648046624943,0.1786424759873795,0.0,0.0,0.0,0.0,0.0,0.0,0.0
-49,pedestrian,4,1,59,37.112397,0.033463,2.5221434420184123,0.10564308576588487,-0.22637807449001449,24.17554752321246,-0.07780871440328556,0.1667329818889163,0.0,0.0,0.0,0.0,0.0,0.0,0.0
-49,pedestrian,4,1,60,37.145861,0.033464,2.5254301157533137,0.09860021204704117,-0.21128621156531102,24.173126807682955,-0.07262146588516695,0.1556174555435581,0.0,0.0,0.0,0.0,0.0,0.0,0.0
-49,pedestrian,4,1,61,37.179335,0.033474,2.5284976778495927,0.09202686288837063,-0.19720047476011635,24.170867473226675,-0.06778003368844443,0.14524296590167554,0.0,0.0,0.0,0.0,0.0,0.0,0.0
-49,pedestrian,4,1,62,37.212809,0.033474,2.5313607357350136,0.08589173656262498,-0.18405378977236928,24.16875876111614,-0.06326136331600306,0.13556011117324118,0.0,0.0,0.0,0.0,0.0,0.0,0.0
-49,pedestrian,4,1,63,37.246276,0.033467,2.5340329230057614,0.08016561812243625,-0.17178355320566185,24.16679062987522,-0.05904393722767301,0.1265227826499014,0.0,0.0,0.0,0.0,0.0,0.0,0.0
-49,pedestrian,4,1,64,37.279757,0.033481,2.536526964348643,0.07482124028644133,-0.16033133507984762,24.164953707462658,-0.05510767237679126,0.11808794552645253,0.0,0.0,0.0,0.0,0.0,0.0,0.0
-49,pedestrian,4,1,65,37.313238,0.033481,2.5388547361343856,0.0698331535722729,-0.14964260142505284,24.16323924664378,-0.05143382456638117,0.11021543431230288,0.0,0.0,0.0,0.0,0.0,0.0,0.0
-49,pedestrian,4,1,66,37.346721,0.033483,2.5410273229709763,0.06517760509772481,-0.13966645423644278,24.161639083338123,-0.04800489916968601,0.10286776190085467,0.0,0.0,0.0,0.0,0.0,0.0,0.0
-49,pedestrian,4,1,67,37.380178,0.033457,2.5430550704873274,0.060832425490533804,-0.1303553882157304,24.1601455977433,-0.04480456784476202,0.09600993974771965,0.0,0.0,0.0,0.0,0.0,0.0,0.0
-49,pedestrian,4,1,68,37.413657,0.033479,2.544947634599521,0.05677692336580528,-0.12166506374185565,24.158751678049807,-0.04181759080476221,0.08960931119999425,0.0,0.0,0.0,0.0,0.0,0.0,0.0
-49,pedestrian,4,1,69,37.447136,0.033479,2.5467140274900673,0.05299178671638258,-0.1135540994826811,24.157450686576734,-0.03902974419220631,0.08363539837667706,0.0,0.0,0.0,0.0,0.0,0.0,0.0
-49,pedestrian,4,1,70,37.480604,0.033468,2.548362660526255,0.049458991085632203,-0.10598386892251124,24.15623642816186,-0.036427752446141826,0.07805975238193458,0.0,0.0,0.0,0.0,0.0,0.0,0.0
-49,pedestrian,4,1,71,37.514072,0.033468,2.549901384312471,0.04616171358648103,-0.0989183249745352,24.155103120662808,-0.03399922497158389,0.07285582423673806,0.0,0.0,0.0,0.0,0.0,0.0,0.0
-49,pedestrian,4,1,72,37.547539,0.033467,2.5513375260740854,0.04308425284843308,-0.09232382214143871,24.154045367423556,-0.031732597177548734,0.06799883382105482,0.0,0.0,0.0,0.0,0.0,0.0,0.0
-49,pedestrian,4,1,73,37.581018,0.033479,2.552677924554584,0.04021195441496495,-0.08616895300404374,24.153058131571765,-0.029617075553709425,0.0634656487151793,0.0,0.0,0.0,0.0,0.0,0.0,0.0
-49,pedestrian,4,1,74,37.614486,0.033468,2.553928962579851,0.03753114075799821,-0.08042440970900235,24.15213671203482,-0.02764258610827244,0.05923468336310955,0.0,0.0,0.0,0.0,0.0,0.0,0.0
-49,pedestrian,4,1,75,37.647953,0.033467,2.5550965974525996,0.03502904618245911,-0.07506283726617294,24.151276721154343,-0.025799726414336796,0.05528579081806935,0.0,0.0,0.0,0.0,0.0,0.0,0.0
-49,pedestrian,4,1,76,37.681388,0.033435,2.5561863893195307,0.03269375600793034,-0.07005870523586316,24.150474063794082,-0.024079720807835495,0.05160016819503905,0.0,0.0,0.0,0.0,0.0,0.0,0.0
-49,pedestrian,4,1,77,37.714839,0.033451,2.5572035276544707,0.030514150048205953,-0.06538817879173166,24.149724917831385,-0.022474378880900613,0.04816025780804647,0.0,0.0,0.0,0.0,0.0,0.0,0.0
-49,pedestrian,4,1,78,37.748301,0.033462,2.5581528559764495,0.02847984965936477,-0.061029011665235534,24.149025715949595,-0.020976056453661726,0.044949672817166574,0.0,0.0,0.0,0.0,0.0,0.0,0.0
-49,pedestrian,4,1,79,37.781771,0.03347,2.5590388949105214,0.026581168022155516,-0.056960449116277595,24.148373128653486,-0.019577618883238536,0.04195312711269569,0.0,0.0,0.0,0.0,0.0,0.0,0.0
-49,pedestrian,4,1,80,37.815245,0.033474,2.5598658637157654,0.024809064157322994,-0.053163115944975615,24.1477640484116,-0.01827240725657187,0.039156348800000004,0.0,0.0,0.0,0.0,0.0,0.0,0.0
-49,pedestrian,4,1,81,37.84872,0.033475,2.560637700377826,0.02315509986181072,-0.04961892886536827,24.147195574855587,-0.017054206680399045,0.03654601728518476,0.0,0.0,0.0,0.0,0.0,0.0,0.0
-49,pedestrian,4,1,82,37.882187,0.033467,2.561358080364896,0.021611399612102036,-0.04631100749126051,24.14666500096134,-0.015917216827412605,0.034109695589593154,0.0,0.0,0.0,0.0,0.0,0.0,0.0
-49,pedestrian,4,1,83,37.915624,0.033437,2.562030434129747,0.020170612945528726,-0.04322359999719932,24.14616980015505,-0.014856024188727314,0.031835779160558714,0.0,0.0,0.0,0.0,0.0,0.0,0.0
-49,pedestrian,4,1,84,37.94916,0.033536,2.5626579634584377,0.01882587986072165,-0.04034199254421223,24.145707614253116,-0.013865577058078898,0.029713413919452494,0.0,0.0,0.0,0.0,0.0,0.0,0.0
-49,pedestrian,4,1,85,37.982645,0.033485,2.5632436566979986,0.017570797186827507,-0.0376524802168243,24.14527624225912,-0.012941159819923984,0.02773251714464743,0.0,0.0,0.0,0.0,0.0,0.0,0.0
-49,pedestrian,4,1,86,38.01613,0.033485,2.5637903029839513,0.01639938857858183,-0.03514225824737031,24.144873629883467,-0.012078371269537863,0.025883656511583586,0.0,0.0,0.0,0.0,0.0,0.0,0.0
-49,pedestrian,4,1,87,38.049583,0.033453,2.5643005055232804,0.015306076179868806,-0.03279937196139069,24.14449785975333,-0.011273103904159705,0.024158020961344777,0.0,0.0,0.0,0.0,0.0,0.0,0.0
