id,agent_type,type,sim_state,tick_count,sim_time,delta_time,x,x_vel,x_acc,y,y_vel,y_acc,s,s_vel,s_acc,d,d_vel,d_acc,yaw
-49,pedestrian,4,1,1,36.002633,0.0,2.7452369910751018,0.7431867039087633,-0.7197676703006779,24.109112426371937,0.5048717198986777,-3.2062363680127466,0.0,0.0,0.0,0.0,0.0,0.0,0.0
-49,pedestrian,4,1,2,36.036106000000004,0.033473,2.768763987095809,0.7058098806212147,-1.1213046986264563,24.12247261389261,0.40080562562027844,-3.121982828351979,0.0,0.0,0.0,0.0,0.0,0.0,0.0
-49,pedestrian,4,1,3,36.069563,0.033457,2.79110600138987,0.6702604288218373,-1.0664835539813218,24.132591469224398,0.3035656599535821,-2.9171989700008902,0.0,0.0,0.0,0.0,0.0,0.0,0.0
-49,pedestrian,4,1,4,36.103041000000005,0.033478,2.8123214519511714,0.6364635168390376,-1.0139073594839918,24.13968181600128,0.2127104033063898,-2.7256576994157684,0.0,0.0,0.0,0.0,0.0,0.0,0.0
-49,pedestrian,4,1,5,36.136527,0.033486,2.8324662827774727,0.6043449247890437,-0.9635577614998164,24.14394268058938,0.12782593764303263,-2.5465339699007146,0.0,0.0,0.0,0.0,0.0,0.0,0.0
-49,pedestrian,4,1,6,36.170013000000004,0.033486,2.851593999783179,0.5738315101711909,-0.9154024385355815,24.145560158042347,0.04852432358899646,-2.379048421621085,0.0,0.0,0.0,0.0,0.0,0.0,0.0
-49,pedestrian,4,1,7,36.20347,0.033457,2.869755718897013,0.5448515734150133,-0.8693981026853282,24.14470822879978,-0.025557877277085014,-2.222466025982444,0.0,0.0,0.0,0.0,0.0,0.0,0.0
-49,pedestrian,4,1,8,36.236938,0.033468,2.887000223582757,0.5173351405723217,-0.8254929852807519,24.141549527910854,-0.09476102666770186,-2.0760944817185054,0.0,0.0,0.0,0.0,0.0,0.0,0.0
-49,pedestrian,4,1,9,36.270416000000004,0.033478,2.9033740294985417,0.4912141774735393,-0.7836288929634718,24.1362360687424,-0.15940377505364323,-1.9392824515782412,0.0,0.0,0.0,0.0,0.0,0.0,0.0
-49,pedestrian,4,1,10,36.303900000000006,0.033484,2.918921454408357,0.4664227472944467,-0.7437429053727772,24.128909923230474,-0.21978436535776946,-1.8114177091237875,0.0,0.0,0.0,0.0,0.0,0.0,0.0
-49,pedestrian,4,1,11,36.337385000000005,0.033485,2.933684691791074,0.44289712148151417,-0.705768774387976,24.11970386078138,-0.27618187347271905,-1.6919252434484875,0.0,0.0,0.0,0.0,0.0,0.0,0.0
-49,pedestrian,4,1,12,36.370851,0.033466,2.947703886869195,0.4205758523436352,-0.6696380741363697,24.108741947931854,-0.3288573854858309,-1.5802653603933545,0.0,0.0,0.0,0.0,0.0,0.0,0.0
-49,pedestrian,4,1,13,36.404332000000004,0.033481,2.9610172140102646,0.3993998142320794,-0.6352811433466753,24.096140110854716,-0.3780551123141505,-1.475931804849589,0.0,0.0,0.0,0.0,0.0,0.0,0.0
-49,pedestrian,4,1,14,36.437778,0.033446,2.9736609546468387,0.37931221909722185,-0.6026278540457266,24.082006662749535,-0.42400344315538807,-1.3784499252371265,0.0,0.0,0.0,0.0,0.0,0.0,0.0
-49,pedestrian,4,1,15,36.471266,0.033488,2.98566957502169,0.3602586112455452,-0.5716082355502989,24.06644279809796,-0.4669159395472516,-1.2873748917559054,0.0,0.0,0.0,0.0,0.0,0.0,0.0
-49,pedestrian,4,1,16,36.504737000000006,0.033471,2.997075803199557,0.3421868453360036,-0.5421529772862489,24.049543055691586,-0.5069922721911451,-1.2022899793168058,0.0,0.0,0.0,0.0,0.0,0.0,0.0
-49,pedestrian,4,1,17,36.538192,0.033455,3.0079107048988387,0.3250470509784591,-0.514193830726334,24.031395752263617,-0.5444191028391322,-1.1228049194396148,0.0,0.0,0.0,0.0,0.0,0.0,0.0
-49,pedestrian,4,1,18,36.571675000000006,0.033483,3.01820375779058,0.30879158675223506,-0.48766392678672166,24.012083388473226,-0.5793709137117582,-1.0485543261787815,0.0,0.0,0.0,0.0,0.0,0.0,0.0
-49,pedestrian,4,1,19,36.605158,0.033483,3.0279829239901024,0.2933749859856792,-0.46249802299667697,23.991683028909407,-0.6120107869146105,-0.9791961960855687,0.0,0.0,0.0,0.0,0.0,0.0,0.0
-49,pedestrian,4,1,20,36.638637,0.033479,3.037274720532072,0.2787538962590823,-0.43863269179790665,23.970266657696452,-0.6424911363885903,-0.9144104842193961,0.0,0.0,0.0,0.0,0.0,0.0,0.0
-49,pedestrian,4,1,21,36.672104000000004,0.033467,3.046104287673784,0.2648870142513656,-0.4160064602315006,23.947901511201685,-0.6709543948429709,-0.853897753631416,0.0,0.0,0.0,0.0,0.0,0.0,0.0
-49,pedestrian,4,1,22,36.705583000000004,0.033479,3.054495454916794,0.251735017290305,-0.3945599088318179,23.92465038926393,-0.6975336581325899,-0.7973778986885705,0.0,0.0,0.0,0.0,0.0,0.0,0.0
-49,pedestrian,4,1,23,36.739088,0.033505,3.062470804674088,0.2392604927188126,-0.3742357371447717,23.900571946283645,-0.7223532894086228,-0.7445889382809829,0.0,0.0,0.0,0.0,0.0,0.0,0.0
-49,pedestrian,4,1,24,36.772560000000006,0.033472,3.0700517335412076,0.22742786601359372,-0.35497880115656677,23.875720963438276,-0.7455294853610792,-0.6952858785736935,0.0,0.0,0.0,0.0,0.0,0.0,0.0
-49,pedestrian,4,1,25,36.806046,0.033486,3.0772585111545543,0.21620332840039957,-0.33673612839582384,23.850148603214674,-0.76717080670805,-0.6492396404091259,0.0,0.0,0.0,0.0,0.0,0.0,0.0
-49,pedestrian,4,1,26,36.839527000000004,0.033481,3.0841103366415163,0.20555476460886304,-0.31945691374609597,23.823902647378993,-0.7873786750703847,-0.6062360508700418,0.0,0.0,0.0,0.0,0.0,0.0,0.0
-49,pedestrian,4,1,27,36.872976,0.033449,3.0906253926833034,0.19545168125361645,-0.30309250065739796,23.797027719439043,-0.8062478381985213,-0.5660748938440984,0.0,0.0,0.0,0.0,0.0,0.0,0.0
-49,pedestrian,4,1,28,36.906456000000006,0.03348,3.0968208972251037,0.18586513625400655,-0.28759634998829703,23.76956549258945,-0.8238668054878283,-0.5285690186792116,0.0,0.0,0.0,0.0,0.0,0.0,0.0
-49,pedestrian,4,1,29,36.939939,0.033483,3.102713152879493,0.17676766963168283,-0.27292399866971184,23.74155488407047,-0.8403182555693556,-0.49354350244581763,0.0,0.0,0.0,0.0,0.0,0.0,0.0
-49,pedestrian,4,1,30,36.973425000000006,0.033486,3.1083175940771564,0.16813323592989063,-0.2590330110537663,23.71303223681334,-0.8556794177138832,-0.4608348643358303,0.0,0.0,0.0,0.0,0.0,0.0,0.0
-49,pedestrian,4,1,31,37.006886,0.033461,3.1136488320241735,0.15993713841050972,-0.24588292558142763,23.684031489192527,-0.8700224286243452,-0.4302903273138586,0.0,0.0,0.0,0.0,0.0,0.0,0.0
-49,pedestrian,4,1,32,37.040344000000005,0.033458,3.118720697533418,0.1521559652773346,-0.23343519399525298,23.654584333651872,-0.8834146662196468,-0.40176712785905,0.0,0.0,0.0,0.0,0.0,0.0,0.0
-49,pedestrian,4,1,33,37.073822,0.033478,3.123546281798009,0.14476752793773834,-0.221653120187888,23.624720364925782,-0.8959190617827293,-0.37513186689247424,0.0,0.0,0.0,0.0,0.0,0.0,0.0
-49,pedestrian,4,1,34,37.107302000000004,0.03348,3.1281379751780563,0.1377508014014204,-0.21050179608953837,23.594467218529772,-0.9075943918803167,-0.35025990292762016,0.0,0.0,0.0,0.0,0.0,0.0,0.0
-49,pedestrian,4,1,35,37.140775000000005,0.033473,3.1325075040726102,0.13108586683661835,-0.19994803694406127,23.563850700153957,-0.9184955512744439,-0.32703478182381807,0.0,0.0,0.0,0.0,0.0,0.0,0.0
-49,pedestrian,4,1,36,37.174242,0.033467,3.1366659659537635,0.12475385643459164,-0.1899603120608013,23.53289490654881,-0.9286738081543887,-0.3053477063983446,0.0,0.0,0.0,0.0,0.0,0.0,0.0
-49,pedestrian,4,1,37,37.207716000000005,0.033474,3.14062386263195,0.11873690034560276,-0.1805086826696663,23.501622338460795,-0.9381770426405541,-0.2850970345849624,0.0,0.0,0.0,0.0,0.0,0.0,0.0
-49,pedestrian,4,1,38,37.241201000000004,0.033485,3.14439113182786,0.11301807587728989,-0.17156473404938613,23.470054006133694,-0.9470499698130261,-0.26618781517415885,0.0,0.0,0.0,0.0,0.0,0.0,0.0
-49,pedestrian,4,1,39,37.27467,0.033469,3.1479771771255,0.1075813589292086,-0.1631015084424385,23.438209527862313,-0.9553343481414418,-0.24853134985247066,0.0,0.0,0.0,0.0,0.0,0.0,0.0
-49,pedestrian,4,1,40,37.308137,0.033467,3.151390896371375,0.1024115773762474,-0.1550934465888363,23.40610722205353,-0.9630691742634451,-0.23204478366009776,0.0,0.0,0.0,0.0,0.0,0.0,0.0
-49,pedestrian,4,1,41,37.341620000000006,0.033483,3.1546407085901276,0.09749436656258142,-0.1475163244099791,23.37376419322209,-0.9702908649431886,-0.21665072039230618,0.0,0.0,0.0,0.0,0.0,0.0,0.0
-49,pedestrian,4,1,42,37.375080000000004,0.03346,3.157734579485289,0.09281612685484489,-0.14034719123209613,23.341196412314712,-0.9770334272213511,-0.20227686834487604,0.0,0.0,0.0,0.0,0.0,0.0,0.0
-49,pedestrian,4,1,43,37.408536000000005,0.033456,3.1606800455985953,0.08836398339918666,-0.13356430366974686,23.308418791731114,-0.9833286175079802,-0.18885570859887202,0.0,0.0,0.0,0.0,0.0,0.0,0.0
-49,pedestrian,4,1,44,37.44201,0.033474,3.163484237168745,0.08412574710448786,-0.1271470888409639,23.275445255403636,-0.989206089824384,-0.17632416949211444,0.0,0.0,0.0,0.0,0.0,0.0,0.0
-49,pedestrian,4,1,45,37.475487,0.033477,3.1668942354084173,0.1022999471901707,0.5452260025704851,23.242424032433128,-0.9906366891152277,-0.042917978725313194,0.0,0.0,0.0,0.0,0.0,0.0,0.0
-49,pedestrian,4,1,46,37.50896,0.033473,3.1708786641961852,0.11953286363303255,0.5169874932858552,23.2093615032458,-0.9918758756199295,-0.037175595141052835,0.0,0.0,0.0,0.0,0.0,0.0,0.0
-49,pedestrian,4,1,47,37.542438000000004,0.033478,3.175407911969597,0.13587743320235157,0.4903370870795707,23.176263545384895,-0.9929387358270656,-0.03188580621408411,0.0,0.0,0.0,0.0,0.0,0.0,0.0
-49,pedestrian,4,1,48,37.57591600000001,0.033478,3.1804540327533415,0.15138362351232762,0.4651857092992814,23.143135569716712,-0.9938392700454758,-0.027016026552304496,0.0,0.0,0.0,0.0,0.0,0.0,0.0
-49,pedestrian,4,1,49,37.609392,0.033476,3.1859906527496555,0.16609859988942677,0.44144929131297417,23.109982554307617,-0.9945904622728677,-0.022535766821757026,0.0,0.0,0.0,0.0,0.0,0.0,0.0
-49,pedestrian,4,1,50,37.642871,0.033479,3.1919928822311645,0.18006688444527552,0.41904853667546244,23.076809076084476,-0.9952043466941961,-0.01841653263984953,0.0,0.0,0.0,0.0,0.0,0.0,0.0
-49,pedestrian,4,1,51,37.676345000000005,0.033474,3.198437232432677,0.1933305060453689,0.3979086480028011,23.043619340434947,-0.9956920694858965,-0.014631683751011426,0.0,0.0,0.0,0.0,0.0,0.0,0.0
-49,pedestrian,4,1,52,37.709823,0.033478,3.205301537218608,0.20592914357794695,0.377959125977342,23.010417208817135,-0.9960639485343405,-0.01115637145332051,0.0,0.0,0.0,0.0,0.0,0.0,0.0
-49,pedestrian,4,1,53,37.743296,0.033473,3.2125648792564445,0.21790026113508995,0.3591335267142903,22.97720622453496,-0.9963295284652407,-0.007967397927004993,0.0,0.0,0.0,0.0,0.0,0.0,0.0
-49,pedestrian,4,1,54,37.776777,0.033481,3.2202075203846086,0.22927923384491936,0.3413691812948823,22.943989636856443,-0.9964976303555497,-0.00504305670927023,0.0,0.0,0.0,0.0,0.0,0.0,0.0
-49,pedestrian,4,1,55,37.810251,0.033474,3.228210836027557,0.24009946928845505,0.32460706330607103,22.91077042350569,-0.9965764005226464,-0.0023631050129018973,0.0,0.0,0.0,0.0,0.0,0.0,0.0
-49,pedestrian,4,1,56,37.843728000000006,0.033477,3.2365572534174487,0.2503925216967422,0.3087915722486145,22.877551311660156,-0.996573355366009,9.135469912069509e-05,0.0,0.0,0.0,0.0,0.0,0.0,0.0
-49,pedestrian,4,1,57,37.877201,0.033473,3.245230193429235,0.2601882003535959,0.29387035970561176,22.84433479753897,-0.9964954236355944,0.002337951912437361,0.0,0.0,0.0,0.0,0.0,0.0,0.0
-49,pedestrian,4,1,58,37.910678000000004,0.033477,3.254214015845193,0.26951467247872657,0.2797941637539193,22.81112316466142,-0.9963489863264847,0.00439311927329035,0.0,0.0,0.0,0.0,0.0,0.0,0.0
-49,pedestrian,4,1,59,37.94415600000001,0.033478,3.2634939678983383,0.27839856159436815,0.26651667346924707,22.77791850078728,-0.9961399162242184,0.0062721030679896254,0.0,0.0,0.0,0.0,0.0,0.0,0.0
-49,pedestrian,4,1,60,37.977617,0.033461,3.2723066554786007,0.2643806274078666,-0.42053802559504677,22.7445505789584,-1.0010376548664393,-0.1469321592666283,0.0,0.0,0.0,0.0,0.0,0.0,0.0
-49,pedestrian,4,1,61,38.011116,0.033499,3.280680373172209,0.2512115308082545,-0.3950728979883637,22.711030102967726,-1.0056142797201977,-0.13729874561275435,0.0,0.0,0.0,0.0,0.0,0.0,0.0
-49,pedestrian,4,1,62,38.044589,0.033473,3.2886416868490924,0.23883941030650366,-0.3711636150525244,22.67736707589697,-1.0098908121226249,-0.12829597207281582,0.0,0.0,0.0,0.0,0.0,0.0,0.0
-49,pedestrian,4,1,63,38.078035,0.033446,3.2962155399861603,0.2272155941120421,-0.3487144858338472,22.643570845607147,-1.013886908694665,-0.1198828971612041,0.0,0.0,0.0,0.0,0.0,0.0,0.0
-49,pedestrian,4,1,64,38.111489000000006,0.033454,3.3034253533678952,0.21629440145205261,-0.3276357797996844,22.60965014738781,-1.0176209465801545,-0.11202113656468311,0.0,0.0,0.0,0.0,0.0,0.0,0.0
-49,pedestrian,4,1,65,38.144946000000004,0.033457,3.3102931181242754,0.2060329426914086,-0.3078437628193203,22.575613145246543,-1.021110064238078,-0.10467352973770537,0.0,0.0,0.0,0.0,0.0,0.0,0.0
-49,pedestrian,4,1,66,38.178414000000004,0.033468,3.3168394840105435,0.19639097658803809,-0.28925898310111503,22.541467468118412,-1.0243703138438842,-0.09780748817418837,0.0,0.0,0.0,0.0,0.0,0.0,0.0
-49,pedestrian,4,1,67,38.211894,0.03348,3.3230838417393778,0.18733073186502835,-0.2718073416902917,22.50722024491371,-1.0274166961410247,-0.09139146891421636,0.0,0.0,0.0,0.0,0.0,0.0,0.0
-49,pedestrian,4,1,68,38.245396,0.033502,3.329044400311561,0.17881675716549528,-0.2554192409859926,22.472878137044084,-1.0302632360887554,-0.08539619843191655,0.0,0.0,0.0,0.0,0.0,0.0,0.0
-49,pedestrian,4,1,69,38.2789,0.033504,3.3347382595037005,0.1708157757641898,-0.24002944203916438,22.43844736911022,-1.0329230380158714,-0.07979405781348366,0.0,0.0,0.0,0.0,0.0,0.0,0.0
-49,pedestrian,4,1,70,38.312361,0.033461,3.3401814779472416,0.16329655330623344,-0.22557667373869061,22.403933757385193,-1.0354083517508996,-0.07455941205084506,0.0,0.0,0.0,0.0,0.0,0.0,0.0
-49,pedestrian,4,1,71,38.345844,0.033483,3.34538913696426,0.15622977051054607,-0.21200348387062143,22.36934273662968,-1.037730622665452,-0.06966812743656982,0.0,0.0,0.0,0.0,0.0,0.0,0.0
-49,pedestrian,4,1,72,38.379291,0.033447,3.3503754005075765,0.14958790629949595,-0.19925592633150396,22.33467938495729,-1.0399005501716716,-0.06509782518659245,0.0,0.0,0.0,0.0,0.0,0.0,0.0
-49,pedestrian,4,1,73,38.412765,0.033474,3.3551535713791423,0.14334512614697204,-0.18728340457571754,22.299948447272822,-1.0419281305340746,-0.06082741087209126,0.0,0.0,0.0,0.0,0.0,0.0,0.0
-49,pedestrian,4,1,74,38.446246,0.033481,3.3597361439921887,0.137477178391394,-0.1760384326673407,22.26515435711079,-1.0438227048609123,-0.05683722980512798,0.0,0.0,0.0,0.0,0.0,0.0,0.0
-49,pedestrian,4,1,75,38.479682000000004,0.033436,3.3641348538922995,0.13196129700332881,-0.16547644164195577,22.23030125706712,-1.0455930013102104,-0.05310889347893883,0.0,0.0,0.0,0.0,0.0,0.0,0.0
-49,pedestrian,4,1,76,38.513156,0.033474,3.3683607242292397,0.12677611010820897,-0.15555560685359576,22.19539301780168,-1.0472471779631407,-0.04962529958791153,0.0,0.0,0.0,0.0,0.0,0.0,0.0
-49,pedestrian,4,1,77,38.546618,0.033462,3.372424109359093,0.12190155389560133,-0.14623668637822942,22.16043325591679,-1.0487928565467153,-0.0463703575072401,0.0,0.0,0.0,0.0,0.0,0.0,0.0
-49,pedestrian,4,1,78,38.580079000000005,0.033461,3.3763347357675326,0.117318792253183,-0.1374828492725499,22.125425350621036,-1.0502371588726251,-0.04332906977729553,0.0,0.0,0.0,0.0,0.0,0.0,0.0
-49,pedestrian,4,1,79,38.613555000000005,0.033476,3.38010174047421,0.11301014120032334,-0.12925953158578993,22.090372459302607,-1.0515867395528509,-0.04048742040677025,0.0,0.0,0.0,0.0,0.0,0.0,0.0
-49,pedestrian,4,1,80,38.647028000000006,0.033473,3.3837337070735427,0.10895899797997201,-0.12153429661053966,22.055277532076577,-1.0528478167808986,-0.03783231684143393,0.0,0.0,0.0,0.0,0.0,0.0,0.0
-49,pedestrian,4,1,81,38.680509,0.033481,3.38723869955766,0.1051497745235293,-0.11427670369328115,22.02014332538335,-1.0540262007967542,-0.035351520475672554,0.0,0.0,0.0,0.0,0.0,0.0,0.0
-49,pedestrian,4,1,82,38.713982,0.033473,3.390624294060969,0.1015678350992752,-0.10745818272762339,21.984972414720506,-1.0551273198853741,-0.0330335726585976,0.0,0.0,0.0,0.0,0.0,0.0,0.0
-49,pedestrian,4,1,83,38.747482000000005,0.0335,3.393897608649641,0.09819943766014763,-0.10105192317382675,21.949767206499594,-1.056156246627344,-0.03086780225909584,0.0,0.0,0.0,0.0,0.0,0.0,0.0
-49,pedestrian,4,1,84,38.780972000000006,0.03349,3.397065331280065,0.09503167891272808,-0.09503276242258644,21.914529949142786,-1.0571177207042821,-0.028844222308142986,0.0,0.0,0.0,0.0,0.0,0.0,0.0
-49,pedestrian,4,1,85,38.814458,0.033486,3.4001337460380996,0.09205244274102713,-0.08937708515102884,21.879262743454493,-1.058016170648749,-0.02695349833400547,0.0,0.0,0.0,0.0,0.0,0.0,0.0
-49,pedestrian,4,1,86,38.847885000000005,0.033427,3.4031087577664176,0.08925035184954709,-0.08406272674440099,21.843967552307937,-1.0588557343966956,-0.02518691243839528,0.0,0.0,0.0,0.0,0.0,0.0,0.0
-49,pedestrian,4,1,87,38.881357,0.033472,3.40599591517857,0.08661472236458079,-0.07906888454898926,21.80864620970002,-1.0596402782375438,-0.023536315225447857,0.0,0.0,0.0,0.0,0.0,0.0,0.0
-49,pedestrian,4,1,88,38.914815000000004,0.033458,3.408800432554931,0.08413552129081431,-0.07437603221299446,21.773300429219255,-1.0603734144229178,-0.021994085561218985,0.0,0.0,0.0,0.0,0.0,0.0,0.0
-49,pedestrian,4,1,89,38.948302000000005,0.033487,3.4115272101039533,0.08180332647067699,-0.06996584460411928,21.737931811946467,-1.0610585181836,-0.020553112820472532,0.0,0.0,0.0,0.0,0.0,0.0,0.0
-49,pedestrian,4,1,90,38.98178,0.033478,3.4141808530753113,0.07960928914073488,-0.06582111989826314,21.702541853844565,-1.0616987430570297,-0.01920674620288609,0.0,0.0,0.0,0.0,0.0,0.0,0.0
-49,pedestrian,4,1,91,39.015265,0.033485,3.4167656897009224,0.07754509876833876,-0.06192571117188359,21.667131952663905,-1.062297035419767,-0.017948770882117583,0.0,0.0,0.0,0.0,0.0,0.0,0.0
-49,pedestrian,4,1,92,39.048745000000004,0.03348,3.4192857880334517,0.07560294997587687,-0.05826446377385674,21.631703414392625,-1.0628561481384047,-0.01677338155913268,0.0,0.0,0.0,0.0,0.0,0.0,0.0
-49,pedestrian,4,1,93,39.082211,0.033466,3.4217449717542148,0.07377551162289336,-0.05482315058950517,21.596257459285525,-1.0633786532129919,-0.01567515223761747,0.0,0.0,0.0,0.0,0.0,0.0,0.0
-49,pedestrian,4,1,94,39.115688000000006,0.033477,3.4241468350093816,0.07205589765500107,-0.05158841903676881,21.56079522749933,-1.0638669535858352,-0.014649011185299642,0.0,0.0,0.0,0.0,0.0,0.0,0.0
-49,pedestrian,4,1,95,39.14916100000001,0.033473,3.426494756337675,0.07043763984880023,-0.04854773418602505,21.52531778435688,-1.0643232942735306,-0.013690220630860218,0.0,0.0,0.0,0.0,0.0,0.0,0.0
-49,pedestrian,4,1,96,39.182639,0.033478,3.4287919117449426,0.06891466221802729,-0.04568932892318827,21.489826125267818,-1.0647497726717812,-0.012794351947516882,0.0,0.0,0.0,0.0,0.0,0.0,0.0
-49,pedestrian,4,1,97,39.216106,0.033467,3.431041286974803,0.0674812568958144,-0.0430021596663869,21.454321180327348,-1.0651483482141455,-0.011957266270928498,0.0,0.0,0.0,0.0,0.0,0.0,0.0
-49,pedestrian,4,1,98,39.249581000000006,0.033475,3.4332456890262453,0.06613206154326659,-0.04047586057643441,21.418803818616347,-1.0655208513300285,-0.011175093476488648,0.0,0.0,0.0,0.0,0.0,0.0,0.0
-49,pedestrian,4,1,99,39.283059,0.033478,3.4354077569600876,0.0648620380152638,-0.03810070584008357,21.383274852222385,-1.0658689918188244,-0.010444214663878196,0.0,0.0,0.0,0.0,0.0,0.0,0.0
-49,pedestrian,4,1,100,39.316536,0.033477,3.4371988696574447,0.053733380920708,-0.3338597128366741,21.347743580430656,-1.0659381537519028,-0.002074857992353767,0.0,0.0,0.0,0.0,0.0,0.0,0.0
-49,pedestrian,4,1,101,39.350030000000004,0.033494,3.43864081396754,0.04325832930286414,-0.31425154853531573,21.312210440564225,-1.065994195992894,-0.0016812672297350088,0.0,0.0,0.0,0.0,0.0,0.0,0.0
-49,pedestrian,4,1,102,39.383500000000005,0.03347,3.4397540738035612,0.03339779508063516,-0.29581602666686946,21.27667582988929,-1.0660383202481318,-0.0013237276571313474,0.0,0.0,0.0,0.0,0.0,0.0,0.0
-49,pedestrian,4,1,103,39.416996000000005,0.033496,3.4405579089108835,0.024115053219663098,-0.27848225582916186,21.241140108594603,-1.0660716388405649,-0.0009995577729942982,0.0,0.0,0.0,0.0,0.0,0.0,0.0
-49,pedestrian,4,1,104,39.450392,0.033396,3.441070428864418,0.015375598606034858,-0.2621836384088472,21.205603602575554,-1.0660951805714303,-0.0007062519259614179,0.0,0.0,0.0,0.0,0.0,0.0,0.0
-49,pedestrian,4,1,105,39.483806,0.033414,3.441308662534166,0.0071470100924448735,-0.24685765540769958,21.17006660606631,-1.0661098952773211,-0.0004414411767235188,0.0,0.0,0.0,0.0,0.0,0.0,0.0
-49,pedestrian,4,1,106,39.517285,0.033479,3.441288623272251,-0.000601177857461303,-0.2324456384971853,21.13452938414586,-1.066116657613514,-0.0002028700857844486,0.0,0.0,0.0,0.0,0.0,0.0,0.0
-49,pedestrian,4,1,107,39.550764,0.033479,3.4410253702026172,-0.007897592089002259,-0.21889242694622865,21.098992175045087,-1.0661162730232279,1.1537708583801035e-05,0.0,0.0,0.0,0.0,0.0,0.0,0.0
-49,pedestrian,4,1,108,39.584229,0.033465,3.4405330656599618,-0.014769136279666563,-0.20614632571992914,21.063455192408206,-1.066109479106381,0.00020381750540717834,0.0,0.0,0.0,0.0,0.0,0.0,0.0
-49,pedestrian,4,1,109,39.617689000000006,0.03346,3.4398250292982366,-0.02124109085175564,-0.1941586371626723,21.027918627289566,-1.06609695355921,0.00037576641512981185,0.0,0.0,0.0,0.0,0.0,0.0,0.0
-49,pedestrian,4,1,110,39.651151000000006,0.033462,3.4389137888643253,-0.027337213017333474,-0.182883664967335,20.992382650064762,-1.0660793167441005,0.0005291044532822437,0.0,0.0,0.0,0.0,0.0,0.0,0.0
-49,pedestrian,4,1,111,39.684633000000005,0.033482,3.4378111277328314,-0.03307983394481824,-0.1722786278245429,20.9568474123705,-1.0660571308278655,0.0006655774870486504,0.0,0.0,0.0,0.0,0.0,0.0,0.0
-49,pedestrian,4,1,112,39.718113,0.03348,3.436528129895409,-0.038489935122661356,-0.16230303533529356,20.92131304861701,-1.066030912604699,0.000786546694998224,0.0,0.0,0.0,0.0,0.0,0.0,0.0
-49,pedestrian,4,1,113,39.751578,0.033465,3.4350752221858536,-0.04358723128667113,-0.15291888492029324,20.885779677384605,-1.0660011369721096,0.0008932689776806341,0.0,0.0,0.0,0.0,0.0,0.0,0.0
-49,pedestrian,4,1,114,39.785050000000005,0.033472,3.433462213672902,-0.048390255388546716,-0.14409072305626752,20.850247403035706,-1.0659682304670088,0.0009871951530217218,0.0,0.0,0.0,0.0,0.0,0.0,0.0
-49,pedestrian,4,1,115,39.818526000000006,0.033476,3.4316983329076436,-0.052916422957750626,-0.13578502707611736,20.81471631695688,-1.065932582364783,0.0010694430667777452,0.0,0.0,0.0,0.0,0.0,0.0,0.0
-49,pedestrian,4,1,116,39.852004,0.033478,3.42979226321146,-0.057182090885507866,-0.12797003783271713,20.779186498258582,-1.0658945609488755,0.0011406424772220562,0.0,0.0,0.0,0.0,0.0,0.0,0.0
-49,pedestrian,4,1,117,39.885482,0.033478,3.427752175427709,-0.06120263351253264,-0.12061627881074316,20.743658014905197,-1.0658545006015943,0.0012018104184340324,0.0,0.0,0.0,0.0,0.0,0.0,0.0
-49,pedestrian,4,1,118,39.918981,0.033499,3.4255857586439924,-0.06499250351150458,-0.11369609996915837,20.70813092473892,-1.0658127049882462,0.0012538684004408782,0.0,0.0,0.0,0.0,0.0,0.0,0.0
-49,pedestrian,4,1,119,39.952464000000006,0.033483,3.4233002492381144,-0.06856528217634573,-0.1071833599452345,20.67260527611806,-1.0657694586258348,0.0012973908723406542,0.0,0.0,0.0,0.0,0.0,0.0,0.0
-49,pedestrian,4,1,120,39.985918000000005,0.033454,3.4209024596469177,-0.07193368773589262,-0.10105216678640656,20.637081106061625,-1.0657251016929716,0.0013307079858967561,0.0,0.0,0.0,0.0,0.0,0.0,0.0
-49,pedestrian,4,1,121,40.019386000000004,0.033468,3.41839880452773,-0.07510965357562881,-0.09527897519208539,20.60155843889583,-1.0656800149738488,0.0013526015736835366,0.0,0.0,0.0,0.0,0.0,0.0,0.0
-49,pedestrian,4,1,122,40.052866,0.03348,3.41579532248296,-0.07810446134310567,-0.08984423302430572,20.566037289962143,-1.0656344680105827,0.0013664088979827703,0.0,0.0,0.0,0.0,0.0,0.0,0.0
-49,pedestrian,4,1,123,40.086326,0.03346,3.4130976983706813,-0.08092872336836038,-0.0847278607576413,20.530517665624355,-1.065588730133646,0.0013721363081005188,0.0,0.0,0.0,0.0,0.0,0.0,0.0
-49,pedestrian,4,1,124,40.119799,0.033473,3.4103112841031424,-0.08359242802616562,-0.07991113973415728,20.494999564069552,-1.0655430466440765,0.001370504687081461,0.0,0.0,0.0,0.0,0.0,0.0,0.0
-49,pedestrian,4,1,125,40.15328,0.033481,3.4074411199374137,-0.08610492497186747,-0.07537490837105539,20.459482970847567,-1.0654977966595673,0.001357499535272884,0.0,0.0,0.0,0.0,0.0,0.0,0.0
-49,pedestrian,4,1,126,40.186742,0.033462,3.4044919445144335,-0.08847526268940643,-0.0711101315261687,20.42396788072942,-1.065452703544413,0.0013527934546289592,0.0,0.0,0.0,0.0,0.0,0.0,0.0
-49,pedestrian,4,1,127,40.220204,0.033462,3.4014682183360834,-0.09071178535050124,-0.06709567983284423,20.388454283799405,-1.065407907900504,0.0013438693172674225,0.0,0.0,0.0,0.0,0.0,0.0,0.0
-49,pedestrian,4,1,128,40.253678,0.033474,3.3983741404634196,-0.09282233617991255,-0.06331652488233928,20.35294216568049,-1.0653635435675108,0.0013309299897980194,0.0,0.0,0.0,0.0,0.0,0.0,0.0
-49,pedestrian,4,1,129,40.287159,0.033481,3.3952136634706735,-0.09481430978237965,-0.059759208074013054,20.317431508063862,-1.0653197284987395,0.001314452063139732,0.0,0.0,0.0,0.0,0.0,0.0,0.0
-49,pedestrian,4,1,130,40.320626000000004,0.033467,3.3919905070025993,-0.09669469404222626,-0.05641152779539859,20.281922289365443,-1.0652765609525356,0.0012950263861122775,0.0,0.0,0.0,0.0,0.0,0.0,0.0
-49,pedestrian,4,1,131,40.3541,0.033474,3.3887081713035068,-0.0984700709727745,-0.05326130791644717,20.246414484725182,-1.0652341392078655,0.0012726523401049847,0.0,0.0,0.0,0.0,0.0,0.0,0.0
-49,pedestrian,4,1,132,40.387577,0.033477,3.385369949840008,-0.10014664390496356,-0.050297187965671536,20.21090806744417,-1.0651925184304225,0.001248623323288152,0.0,0.0,0.0,0.0,0.0,0.0,0.0
-49,pedestrian,4,1,133,40.42104500000001,0.033468,3.3819789407314977,-0.10173027325530058,-0.047508880510110985,20.1754030090584,-1.0651517515731006,0.001223005719657803,0.0,0.0,0.0,0.0,0.0,0.0,0.0
-49,pedestrian,4,1,134,40.454525000000004,0.03348,3.3785380569356165,-0.10322651387644301,-0.04488721863427261,20.139899279490756,-1.065111887029331,0.001195936313088094,0.0,0.0,0.0,0.0,0.0,0.0,0.0
-49,pedestrian,4,1,135,40.488005,0.03348,3.375050037320444,-0.1046405884551796,-0.04242223736209754,20.104396847856524,-1.0650729490269861,0.0011681400703453147,0.0,0.0,0.0,0.0,0.0,0.0,0.0
-49,pedestrian,4,1,136,40.521467,0.033462,3.3715174549374534,-0.10597747148971362,-0.04010649103602059,20.06889568211815,-1.0650349721512558,0.0011393062719094755,0.0,0.0,0.0,0.0,0.0,0.0,0.0
-49,pedestrian,4,1,137,40.554923,0.033456,3.3679427253037835,-0.10724188901009674,-0.037932525611493496,20.033395749275567,-1.0649979852775047,0.0011096062125306502,0.0,0.0,0.0,0.0,0.0,0.0,0.0
-49,pedestrian,4,1,138,40.588396,0.033473,3.364328113653763,-0.10843834950061935,-0.03589381471567866,19.997897015508947,-1.0649620129985964,0.0010791683672486583,0.0,0.0,0.0,0.0,0.0,0.0,0.0
-49,pedestrian,4,1,139,40.621867,0.033471,3.3606757413582855,-0.10957116886431524,-0.0339845809108766,19.962399446119612,-1.0649270816800407,0.0010479395566676156,0.0,0.0,0.0,0.0,0.0,0.0,0.0
-49,pedestrian,4,1,140,40.655337,0.03347,3.3569875915269205,-0.11064449494095066,-0.03219978229906268,19.92690300532439,-1.0648932238565976,0.0010157347032917698,0.0,0.0,0.0,0.0,0.0,0.0,0.0
-49,pedestrian,4,1,141,40.688810000000004,0.033473,3.3532655133500713,-0.11166234530548147,-0.030535510935924468,19.89140765600113,-1.0648604796977899,0.0009823247642298197,0.0,0.0,0.0,0.0,0.0,0.0,0.0
-49,pedestrian,4,1,142,40.722277000000005,0.033467,3.349511225988945,-0.11262862083379052,-0.028988265849271357,19.85591335900624,-1.0648289098467396,0.0009470955315067629,0.0,0.0,0.0,0.0,0.0,0.0,0.0
-49,pedestrian,4,1,143,40.755744,0.033467,3.3457263250685294,-0.11354702761246495,-0.027552203360232872,19.820420073653025,-1.064798560596484,0.0009104775076655871,0.0,0.0,0.0,0.0,0.0,0.0,0.0
-49,pedestrian,4,1,144,40.789213000000004,0.033469,3.341912281798879,-0.11442129808951261,-0.02622811431142994,19.784927756726752,-1.0647695077881791,0.0008715842491491512,0.0,0.0,0.0,0.0,0.0,0.0,0.0
-49,pedestrian,4,1,145,40.822683000000005,0.03347,3.338070441301566,-0.11525521491938603,-0.025017504896202924,19.7494363606533,-1.0647418822036483,0.000828767535924873,0.0,0.0,0.0,0.0,0.0,0.0,0.0
-49,pedestrian,4,1,146,40.856156000000006,0.033473,3.3342020230990967,-0.11605254607408044,-0.02391993464083229,19.713945833165702,-1.0647158246278714,0.0007817272733066534,0.0,0.0,0.0,0.0,0.0,0.0,0.0
-49,pedestrian,4,1,147,40.889585000000004,0.033429,3.3303081149562055,-0.11681724428673333,-0.02294094637958658,19.678456115713633,-1.0646915235620478,0.0007290319747117274,0.0,0.0,0.0,0.0,0.0,0.0,0.0
-49,pedestrian,4,1,148,40.923063,0.033478,3.326389669658029,-0.11755335894529832,-0.0220834397569496,19.642967141945835,-1.0646692130339703,0.0006693158423208249,0.0,0.0,0.0,0.0,0.0,0.0,0.0
-49,pedestrian,4,1,149,40.956536,0.033473,3.322447495141953,-0.11826523548227334,-0.021356296109250703,19.607478833587606,-1.0646492507468797,0.000598868612722341,0.0,0.0,0.0,0.0,0.0,0.0,0.0
-49,pedestrian,4,1,150,40.990021000000006,0.033485,3.3184822677748658,-0.11895682101262227,-0.020747565910467617,19.571991101145386,-1.0646319732666436,0.0005183244070788713,0.0,0.0,0.0,0.0,0.0,0.0,0.0
-49,pedestrian,4,1,151,41.023493,0.033472,3.314494499393193,-0.1196330514501827,-0.020286913126812915,19.53650384147289,-1.064617790174879,0.0004254927529377324,0.0,0.0,0.0,0.0,0.0,0.0,0.0
-49,pedestrian,4,1,152,41.056969,0.033476,3.310484526543513,-0.12029918549040212,-0.019984021206582905,19.501016928921477,-1.0646073765423487,0.00031240897590703863,0.0,0.0,0.0,0.0,0.0,0.0,0.0
-49,pedestrian,4,1,153,41.090441000000006,0.033472,3.3064524880951573,-0.1209611534506757,-0.019859038808207625,19.465530211654777,-1.064601518001016,0.0001757562399810927,0.0,0.0,0.0,0.0,0.0,0.0,0.0
-49,pedestrian,4,1,154,41.123918,0.033477,3.3023982987493983,-0.1216256803727778,-0.01993580766306254,19.430043505290776,-1.0646011909200435,9.812429174300831e-06,0.0,0.0,0.0,0.0,0.0,0.0,0.0
-49,pedestrian,4,1,155,41.157379000000006,0.033461,3.298321627613443,-0.12230013407865864,-0.020233611176425453,19.394556578576083,-1.0646078014408389,-0.0001983156238660527,0.0,0.0,0.0,0.0,0.0,0.0,0.0
-49,pedestrian,4,1,156,41.190841000000006,0.033462,3.2942218545291397,-0.12299319252910308,-0.020791753513333438,19.359069146009517,-1.0646229769969433,-0.00045526668313102225,0.0,0.0,0.0,0.0,0.0,0.0,0.0
-49,pedestrian,4,1,157,41.224309000000005,0.033468,3.2900981068858415,-0.12371242929895392,-0.02157710309552494,19.32358086665228,-1.0646483807171525,-0.0007621116062777922,0.0,0.0,0.0,0.0,0.0,0.0,0.0
-49,pedestrian,4,1,158,41.257785000000005,0.033476,3.285949251194195,-0.12446567074939723,-0.02259724351329946,19.288091336025282,-1.0646859188098534,-0.0011261427810258307,0.0,0.0,0.0,0.0,0.0,0.0,0.0
-49,pedestrian,4,1,159,41.291247000000006,0.033462,3.281773650580691,-0.12526801840511495,-0.024070429671531418,19.252600035994284,-1.0647390009299076,-0.0015924636016219867,0.0,0.0,0.0,0.0,0.0,0.0,0.0
-49,pedestrian,4,1,160,41.324708,0.033461,3.2775691847787094,-0.12613397405945087,-0.025978669630077337,19.217106323829626,-1.0648113649397766,-0.002170920296067801,0.0,0.0,0.0,0.0,0.0,0.0,0.0
-49,pedestrian,4,1,161,41.358176,0.033468,3.2733333375373608,-0.12707541724045537,-0.028243295430135037,19.18160943385013,-1.0649066993848726,-0.002860033352877903,0.0,0.0,0.0,0.0,0.0,0.0,0.0
-49,pedestrian,4,1,162,41.391638,0.033462,3.2690630293672416,-0.12810924510357394,-0.031014835893557278,19.146108401126405,-1.0650309817117634,-0.0037284698067197595,0.0,0.0,0.0,0.0,0.0,0.0,0.0
-49,pedestrian,4,1,163,41.425098000000006,0.03346,3.2654603629956744,-0.10807999114701522,0.6008776186967616,19.11062260725385,-1.0645738161766554,0.013714966053240041,0.0,0.0,0.0,0.0,0.0,0.0,0.0
-49,pedestrian,4,1,164,41.458560000000006,0.033462,3.2624854335998816,-0.08924788187377773,0.5649632781971247,19.075151393630705,-1.0641364086942555,0.013122224471996367,0.0,0.0,0.0,0.0,0.0,0.0,0.0
-49,pedestrian,4,1,165,41.492039000000005,0.033479,3.2600997052924243,-0.07157184922372167,0.530280979501682,19.039693745012688,-1.063729458540521,0.012208504612036878,0.0,0.0,0.0,0.0,0.0,0.0,0.0
-49,pedestrian,4,1,166,41.525512000000006,0.033473,3.2582655150443105,-0.05502570744341627,0.4963842534091621,19.004248143473173,-1.0633680461854036,0.01084237065352388,0.0,0.0,0.0,0.0,0.0,0.0,0.0
-49,pedestrian,4,1,167,41.558974000000006,0.033462,3.2569452076086396,-0.03960922307013174,0.46249453119853584,18.968812433013706,-1.0630713137839793,0.008901972042728927,0.0,0.0,0.0,0.0,0.0,0.0,0.0
-49,pedestrian,4,1,168,41.592436000000006,0.033462,3.2561012640004074,-0.025318308246961477,0.42872744469510793,18.933383734797786,-1.0628609464776588,0.006311019189618455,0.0,0.0,0.0,0.0,0.0,0.0,0.0
-49,pedestrian,4,1,169,41.625909,0.033473,3.25569680431557,-0.012133790545121263,0.39553553105520645,18.89795844335132,-1.0627587433939745,0.0030660925105335034,0.0,0.0,0.0,0.0,0.0,0.0,0.0
-49,pedestrian,4,1,170,41.659382,0.033473,3.255694306346224,-7.493908038181535e-05,0.3617655439421834,18.862531993837514,-1.0627934854141916,-0.0010422606065142175,0.0,0.0,0.0,0.0,0.0,0.0,0.0
-49,pedestrian,4,1,171,41.692844,0.033462,3.2560547374213957,0.010812932255153632,0.3266361400660634,18.827098334134323,-1.0630097910957212,-0.006489170445890381,0.0,0.0,0.0,0.0,0.0,0.0,0.0
-49,pedestrian,4,1,172,41.726305,0.033461,3.2567380909623935,0.020500606229935513,0.2906302192434565,18.791649766840752,-1.0634570188071726,-0.013416831343538486,0.0,0.0,0.0,0.0,0.0,0.0,0.0
-49,pedestrian,4,1,173,41.759767000000004,0.033462,3.2577027591292538,0.02894004500581246,0.2531831632763084,18.756176662768265,-1.0641931221746066,-0.02208310102301904,0.0,0.0,0.0,0.0,0.0,0.0,0.0
-49,pedestrian,4,1,174,41.793228,0.033461,3.258906625339713,0.03611598631377943,0.21527823923900907,18.72066765750283,-1.0652701579630648,-0.03231107365374457,0.0,0.0,0.0,0.0,0.0,0.0,0.0
-49,pedestrian,4,1,175,41.826699000000005,0.033471,3.2603044986694893,0.04193619989328971,0.17460640738530855,18.685108740813767,-1.0667675006718853,-0.04492028126461246,0.0,0.0,0.0,0.0,0.0,0.0,0.0
-49,pedestrian,4,1,176,41.860161000000005,0.033462,3.2618470094601326,0.046275323719294686,0.1301737147801493,18.6494819382591,-1.0688040766399531,-0.06109727904203824,0.0,0.0,0.0,0.0,0.0,0.0,0.0
-49,pedestrian,4,1,177,41.893622,0.033461,3.261676264881818,-0.005122337349445422,-1.5419298320622032,18.614041703210876,-1.063207051446674,0.16791075579837142,0.0,0.0,0.0,0.0,0.0,0.0,0.0
-49,pedestrian,4,1,178,41.927122000000004,0.0335,3.25983468685472,-0.05524734081293853,-1.5037501039047931,18.578744831659154,-1.0589061465516916,0.12902714684947206,0.0,0.0,0.0,0.0,0.0,0.0,0.0
-49,pedestrian,4,1,179,41.960611,0.033489,3.25635586207341,-0.10436474343929222,-1.4735220787906111,18.54354334414284,-1.0560446254893907,0.08584563186902615,0.0,0.0,0.0,0.0,0.0,0.0,0.0
-49,pedestrian,4,1,180,41.994098,0.033487,3.2512672475037725,-0.15265843708913285,-1.4488108094952188,18.50838505984214,-1.0547485290209455,0.038882894053357035,0.0,0.0,0.0,0.0,0.0,0.0,0.0
-49,pedestrian,4,1,181,42.027556000000004,0.033458,3.244588686692659,-0.20035682433340413,-1.4309516173281385,18.473211640687126,-1.055202574650429,-0.013621368884503092,0.0,0.0,0.0,0.0,0.0,0.0,0.0
-49,pedestrian,4,1,182,42.061014,0.033458,3.2363332916221283,-0.2476618521159219,-1.4191508334755336,18.437957800833424,-1.0576151956110262,-0.07237862881791449,0.0,0.0,0.0,0.0,0.0,0.0,0.0
-49,pedestrian,4,1,183,42.09449600000001,0.033482,3.2265038658684815,-0.2948827726094082,-1.4166276148045889,18.402546787724784,-1.062330393259132,-0.1414559294431713,0.0,0.0,0.0,0.0,0.0,0.0,0.0
-49,pedestrian,4,1,184,42.127973000000004,0.033477,3.2151001905312944,-0.3421102601156139,-1.416824625186171,18.366893755383764,-1.0695909702305653,-0.2178173091430006,0.0,0.0,0.0,0.0,0.0,0.0,0.0
-49,pedestrian,4,1,185,42.161435000000004,0.033462,3.202123995199096,-0.3892858599659608,-1.4152679955104082,18.33090844501711,-1.0795593109996289,-0.29905022307190965,0.0,0.0,0.0,0.0,0.0,0.0,0.0
-49,pedestrian,4,1,186,42.194897000000005,0.033462,3.187577435703937,-0.4363967848547696,-1.4133277466642635,18.29449216770642,-1.092488319320636,-0.3878702496302175,0.0,0.0,0.0,0.0,0.0,0.0,0.0
-49,pedestrian,4,1,187,42.228367000000006,0.03347,3.171472735215078,-0.4831410146657607,-1.4023268943297327,18.257540921671254,-1.1085373810550125,-0.4814718520312931,0.0,0.0,0.0,0.0,0.0,0.0,0.0
-49,pedestrian,4,1,188,42.261839,0.033472,3.1538271608261104,-0.5293672316690384,-1.3867865100983332,18.219944287021693,-1.1278990394868378,-0.5808497529547555,0.0,0.0,0.0,0.0,0.0,0.0,0.0
-49,pedestrian,4,1,189,42.295306000000004,0.033467,3.1346618516214275,-0.5749592761404889,-1.3677613341435146,18.1815849609342,-1.1507797826248294,-0.6864222941397496,0.0,0.0,0.0,0.0,0.0,0.0,0.0
-49,pedestrian,4,1,190,42.328774,0.033468,3.1140101713403254,-0.6195504084330588,-1.337733968777096,18.142343240406433,-1.177251615832937,-0.7941549962432289,0.0,0.0,0.0,0.0,0.0,0.0,0.0
-49,pedestrian,4,1,191,42.362239,0.033465,3.0919311117845623,-0.6623717866728944,-1.2846413471950715,18.10210724118119,-1.2070799767573017,-0.8948508277309448,0.0,0.0,0.0,0.0,0.0,0.0,0.0
-49,pedestrian,4,1,192,42.395706000000004,0.033467,3.0684980447549792,-0.7029920108874902,-1.2186067264378722,18.060769554673705,-1.2401305952246071,-0.9915185540191614,0.0,0.0,0.0,0.0,0.0,0.0,0.0
-49,pedestrian,4,1,193,42.429203,0.033497,3.0438071754183627,-0.7407260800985016,-1.1320220763303437,18.01823695613969,-1.2759779560204465,-1.075420823875181,0.0,0.0,0.0,0.0,0.0,0.0,0.0
-49,pedestrian,4,1,194,42.462678000000004,0.033475,3.0179697360360174,-0.775123181470357,-1.0319130411556616,17.97442928361698,-1.3142301756812231,-1.1475665898233012,0.0,0.0,0.0,0.0,0.0,0.0,0.0
-49,pedestrian,4,1,195,42.496164,0.033486,2.991119113627134,-0.8055186722665093,-0.9118647238845701,17.929291614909626,-1.3541300612206768,-1.1969965661836124,0.0,0.0,0.0,0.0,0.0,0.0,0.0
-49,pedestrian,4,1,196,42.529627000000005,0.033463,2.9634109682030068,-0.8312443627238123,-0.7717707137190891,17.882792778971353,-1.3949650781482017,-1.2250505078257448,0.0,0.0,0.0,0.0,0.0,0.0,0.0
-49,pedestrian,4,1,197,42.563082,0.033455,2.9350125067868915,-0.8519538424834545,-0.6212843927892657,17.834937638007275,-1.4356542289223153,-1.2206745232234117,0.0,0.0,0.0,0.0,0.0,0.0,0.0
-49,pedestrian,4,1,198,42.596567,0.033485,2.9063382530304325,-0.8602276126937753,-0.24821310630962323,17.78633516267903,-1.4580742598473821,-0.6726009277520083,0.0,0.0,0.0,0.0,0.0,0.0,0.0
-49,pedestrian,4,1,199,42.630052000000006,0.033485,2.877641352246679,-0.8609070235126051,-0.02038232456489229,17.737382006248943,-1.468594692902675,-0.3156129916587853,0.0,0.0,0.0,0.0,0.0,0.0,0.0
-49,pedestrian,4,1,200,42.663529000000004,0.033477,2.849087012978151,-0.8566301780558456,0.12830536370278242,17.68836014493835,-1.4706558393177296,-0.061834392451639346,0.0,0.0,0.0,0.0,0.0,0.0,0.0
-49,pedestrian,4,1,201,42.696994000000004,0.033465,2.8207843068025236,-0.8490811852688143,0.22646978361094214,17.6394802167334,-1.4663978461484724,0.12773979507771863,0.0,0.0,0.0,0.0,0.0,0.0,0.0
-49,pedestrian,4,1,202,42.730455000000006,0.033461,2.792802679305164,-0.8394488249207801,0.2889708104410242,17.590908546896625,-1.4571500951032563,0.2774325313564788,0.0,0.0,0.0,0.0,0.0,0.0,0.0
-49,pedestrian,4,1,203,42.763919,0.033464,2.7651820797697884,-0.828617986061276,0.3249251657851238,17.54277083370591,-1.4441313957215254,0.39056098145192625,0.0,0.0,0.0,0.0,0.0,0.0,0.0
-49,pedestrian,4,1,204,42.797393,0.033474,2.7379384141017176,-0.8173099700421209,0.3392404805746536,17.495165089232604,-1.4281723341991321,0.47877184567179604,0.0,0.0,0.0,0.0,0.0,0.0,0.0
-49,pedestrian,4,1,205,42.830866,0.033473,2.7110718634977173,-0.8059965181200025,0.3394035576635527,17.44817334194767,-1.409752418548077,0.5525974695316579,0.0,0.0,0.0,0.0,0.0,0.0,0.0
-49,pedestrian,4,1,206,42.86434800000001,0.033482,2.6845686554223427,-0.795096242261236,0.3270082757629954,17.401862071695685,-1.3893381075594808,0.6124293296578817,0.0,0.0,0.0,0.0,0.0,0.0,0.0
-49,pedestrian,4,1,207,42.897825000000005,0.033477,2.6584061947684523,-0.7848738196167052,0.30667267933592157,17.356287975625847,-1.367222882095192,0.6634567639286699,0.0,0.0,0.0,0.0,0.0,0.0,0.0
-49,pedestrian,4,1,208,42.931307000000004,0.033482,2.632556148213419,-0.7755013966509994,0.28117268897117376,17.311503789638483,-1.3435255796209353,0.7109190742277006,0.0,0.0,0.0,0.0,0.0,0.0,0.0
-49,pedestrian,4,1,209,42.964760000000005,0.033453,2.606984585718097,-0.7671468748596566,0.2506356537402841,17.26756028069892,-1.318305268186916,0.7566093430205756,0.0,0.0,0.0,0.0,0.0,0.0,0.0
-49,pedestrian,4,1,210,42.998215,0.033455,2.5816576207735293,-0.7598089483370224,0.22013779567902664,17.224494001724384,-1.2919883692360512,0.7895069685259476,0.0,0.0,0.0,0.0,0.0,0.0,0.0
-49,pedestrian,4,1,211,43.031688,0.033473,2.5565520564339295,-0.7531669301880027,0.1992605444705911,17.182304773968095,-1.2656768326886476,0.7893460964221097,0.0,0.0,0.0,0.0,0.0,0.0,0.0
-49,pedestrian,4,1,212,43.065168,0.03348,2.5316750196879823,-0.7463111023784211,0.20567483428744743,17.14095582147108,-1.24046857491043,0.7562477333465237,0.0,0.0,0.0,0.0,0.0,0.0,0.0
-49,pedestrian,4,1,213,43.098653000000006,0.033485,2.50703287858027,-0.7392642332313719,0.21140607441147705,17.100404067783206,-1.2165526106362978,0.7174789282239693,0.0,0.0,0.0,0.0,0.0,0.0,0.0
-49,pedestrian,4,1,214,43.132124000000005,0.033471,2.4826285303565214,-0.7321304467124586,0.21401359556739785,17.06060534422251,-1.1939617068209227,0.6777271144612518,0.0,0.0,0.0,0.0,0.0,0.0,0.0
-49,pedestrian,4,1,215,43.165629,0.033505,2.4584611017814644,-0.7250228572517058,0.2132276838225868,17.021514769637097,-1.172717237562348,0.6373340777572426,0.0,0.0,0.0,0.0,0.0,0.0,0.0
-49,pedestrian,4,1,216,43.199084,0.033455,2.4345260752938445,-0.7180507946285991,0.20916187869320124,16.98308618191389,-1.1528576316961592,0.5957881759856677,0.0,0.0,0.0,0.0,0.0,0.0,0.0
-49,pedestrian,4,1,217,43.232552000000005,0.033468,2.4108161539403223,-0.711297640605658,0.20259462068823286,16.945270077505132,-1.1344831322627564,0.5512349830020798,0.0,0.0,0.0,0.0,0.0,0.0,0.0
-49,pedestrian,4,1,218,43.26605,0.033498,2.387318199992458,-0.7049386184359305,0.19077066509182355,16.908030375774565,-1.1171910519170312,0.5187624103717576,0.0,0.0,0.0,0.0,0.0,0.0,0.0
-49,pedestrian,4,1,219,43.299515,0.033465,2.3640167796803064,-0.6990426093645581,0.17688027214117277,16.871338386082773,-1.100759690753829,0.49294083489606166,0.0,0.0,0.0,0.0,0.0,0.0,0.0
-49,pedestrian,4,1,220,43.332977,0.033462,2.3408968318869072,-0.6935984338019825,0.16332526687726898,16.835163873319253,-1.085235382905562,0.46572923544801087,0.0,0.0,0.0,0.0,0.0,0.0,0.0
-49,pedestrian,4,1,221,43.366440000000004,0.033463,2.3179430845510693,-0.6886124200751303,0.14958041180556544,16.799477121510787,-1.0706025542540165,0.4389848595463686,0.0,0.0,0.0,0.0,0.0,0.0,0.0
-49,pedestrian,4,1,222,43.399917,0.033477,2.2951403513809745,-0.6840819951028402,0.1359127491687066,16.764248502593507,-1.0568585675184352,0.4123196020674408,0.0,0.0,0.0,0.0,0.0,0.0,0.0
-49,pedestrian,4,1,223,43.43339,0.033473,2.2724736576959628,-0.6800008105503491,0.12243553657473108,16.729449377724144,-1.0439737460808391,0.38654464312788045,0.0,0.0,0.0,0.0,0.0,0.0,0.0
-49,pedestrian,4,1,224,43.466856,0.033466,2.249928524229803,-0.6763540039847973,0.10940419696655444,16.69505259567474,-1.0319034614822151,0.36210853795872244,0.0,0.0,0.0,0.0,0.0,0.0,0.0
-49,pedestrian,4,1,225,43.500361000000005,0.033505,2.227491028831534,-0.6731248619480538,0.09687426110230389,16.661032515644365,-1.0206024009112111,0.3390318171301184,0.0,0.0,0.0,0.0,0.0,0.0,0.0
-49,pedestrian,4,1,226,43.533827,0.033466,2.2051481112870066,-0.6702875263358287,0.08512006836675273,16.627365545734047,-1.0100090973095441,0.317799108050008,0.0,0.0,0.0,0.0,0.0,0.0,0.0
-49,pedestrian,4,1,227,43.567292,0.033465,2.1828877329795873,-0.6678113492225832,0.07428531339736248,16.594029904375635,-1.0000692407524077,0.2981956967140941,0.0,0.0,0.0,0.0,0.0,0.0,0.0
-49,pedestrian,4,1,228,43.600774,0.033482,2.160698907728606,-0.6656647575294344,0.0643977507944647,16.561005388983844,-0.9907354617537337,0.28001336996021786,0.0,0.0,0.0,0.0,0.0,0.0,0.0
-49,pedestrian,4,1,229,43.634228,0.033454,2.138571696202169,-0.6638163457931081,0.055452352089788805,16.52827333321729,-0.9819616729966837,0.26321366271150054,0.0,0.0,0.0,0.0,0.0,0.0,0.0
-49,pedestrian,4,1,230,43.667681,0.033453,2.116497050389221,-0.662239374388443,0.04730914213995076,16.495816508891213,-0.9737047297822311,0.24770829643357817,0.0,0.0,0.0,0.0,0.0,0.0,0.0
-49,pedestrian,4,1,231,43.701151,0.03347,2.0944669051167013,-0.6609043581755975,0.04005048638536838,16.463618934133304,-0.965927242737295,0.23332461134808302,0.0,0.0,0.0,0.0,0.0,0.0,0.0
-49,pedestrian,4,1,232,43.734634,0.033483,2.0724740669414325,-0.6597851452580583,0.033576387526174915,16.43166569085595,-0.9585972983206106,0.21989833250053364,0.0,0.0,0.0,0.0,0.0,0.0,0.0
-49,pedestrian,4,1,233,43.768113,0.033479,2.050512097320783,-0.6588590886194905,0.027781699157034972,16.399942909678778,-0.9516834353151871,0.20741589016270606,0.0,0.0,0.0,0.0,0.0,0.0,0.0
-49,pedestrian,4,1,234,43.801574,0.033461,2.028575225762636,-0.6581061467443989,0.02258825625274655,16.368437653311943,-0.9451576910050072,0.19577232930539468,0.0,0.0,0.0,0.0,0.0,0.0,0.0
-49,pedestrian,4,1,235,43.835037,0.033463,2.006658311327154,-0.6575074330644565,0.01796141039827549,16.33713779644054,-0.9389957061421171,0.1848595458867029,0.0,0.0,0.0,0.0,0.0,0.0,0.0
-49,pedestrian,4,1,236,43.868468,0.033431,1.9847567323447846,-0.6570473694710868,0.013801907801092559,16.306031986433545,-0.9331743002098616,0.17464217796766815,0.0,0.0,0.0,0.0,0.0,0.0,0.0
-49,pedestrian,4,1,237,43.901948000000004,0.03348,1.9628663177134915,-0.6567124389387894,0.010047915968920183,16.275109586375446,-0.9276720017429746,0.1650689540066103,0.0,0.0,0.0,0.0,0.0,0.0,0.0
-49,pedestrian,4,1,238,43.93542,0.033472,1.9409832848561022,-0.6564909857216819,0.0066435965132244455,16.24436063745827,-0.922468467515303,0.1561060268301477,0.0,0.0,0.0,0.0,0.0,0.0,0.0
-49,pedestrian,4,1,239,43.968898,0.033478,1.9191041995808007,-0.6563725582590413,0.0035528238792178046,16.213775802367937,-0.9175450527099906,0.14770244415936992,0.0,0.0,0.0,0.0,0.0,0.0,0.0
-49,pedestrian,4,1,240,44.00235000000001,0.033452,1.8972259137820038,-0.6563485739639104,0.0007195288539267178,16.183346348147147,-0.9128836266237689,0.13984278258665267,0.0,0.0,0.0,0.0,0.0,0.0,0.0
-49,pedestrian,4,1,241,44.035819000000004,0.033469,1.8753455197139273,-0.656411822042298,-0.0018974423516269167,16.153064117435022,-0.9084669213637568,0.13250115780035995,0.0,0.0,0.0,0.0,0.0,0.0,0.0
-49,pedestrian,4,1,242,44.069285,0.033466,1.8534603246920258,-0.6565558506570437,-0.004320858442372519,16.12292149470199,-0.9042786819909187,0.12564718118514523,0.0,0.0,0.0,0.0,0.0,0.0,0.0
-49,pedestrian,4,1,243,44.102752,0.033467,1.8315678128123438,-0.6567753563904628,-0.006585172002573687,16.092911385859956,-0.90030326526109,0.1192625018948617,0.0,0.0,0.0,0.0,0.0,0.0,0.0
-49,pedestrian,4,1,244,44.136186,0.033434,1.8096656085519653,-0.6570661278113515,-0.008723142626663342,16.063027202599248,-0.896525497821281,0.11333302319426801,0.0,0.0,0.0,0.0,0.0,0.0,0.0
-49,pedestrian,4,1,245,44.169648,0.033462,1.7877514663898086,-0.6574242648646995,-0.010744111600438725,16.0332628342346,-0.8929310509394495,0.10783340645494557,0.0,0.0,0.0,0.0,0.0,0.0,0.0
-49,pedestrian,4,1,246,44.203108,0.03346,1.765823235231314,-0.6578469347548451,-0.012680096704368605,16.003612642084036,-0.8895057645168313,0.1027585926785457,0.0,0.0,0.0,0.0,0.0,0.0,0.0
-49,pedestrian,4,1,247,44.236577000000004,0.033469,1.7438788385064097,-0.6583319017471276,-0.014549009768476296,15.974071444398193,-0.8862359305752762,0.09809501824665398,0.0,0.0,0.0,0.0,0.0,0.0,0.0
-49,pedestrian,4,1,248,44.270066,0.033489,1.721916257509228,-0.6588774299154544,-0.01636584504980313,15.94463450258042,-0.8831082545331983,0.09383028126233667,0.0,0.0,0.0,0.0,0.0,0.0,0.0
-49,pedestrian,4,1,249,44.303544,0.033478,1.6999335170471044,-0.6594822138637081,-0.018143518447610123,15.915297508124416,-0.8801098336801423,0.08995262559168186,0.0,0.0,0.0,0.0,0.0,0.0,0.0
-49,pedestrian,4,1,250,44.336995,0.033451,1.6779286717730981,-0.6601453582201895,-0.019894330694442585,15.886056570717665,-0.8772281222025475,0.08645134432784125,0.0,0.0,0.0,0.0,0.0,0.0,0.0
-49,pedestrian,4,1,251,44.370456000000004,0.033461,1.6558998061887635,-0.6608659675300395,-0.02161827929549854,15.856908190693126,-0.8744514007361548,0.08330164399178373,0.0,0.0,0.0,0.0,0.0,0.0,0.0
-49,pedestrian,4,1,252,44.403936,0.03348,1.6338449973241842,-0.6616442659373798,-0.023348952220210488,15.827849274863967,-0.8717674748748,0.08051777584064511,0.0,0.0,0.0,0.0,0.0,0.0,0.0
-49,pedestrian,4,1,253,44.437418,0.033482,1.611762304870125,-0.6624807736217716,-0.025095230531754695,15.798877120186086,-0.8691646403364107,0.07808503615167936,0.0,0.0,0.0,0.0,0.0,0.0,0.0
-49,pedestrian,4,1,254,44.470842000000005,0.033424,1.5896497764837425,-0.6633758515914794,-0.026852339091235036,15.769989374264645,-0.8666323776432518,0.07596788079476505,0.0,0.0,0.0,0.0,0.0,0.0,0.0
-49,pedestrian,4,1,255,44.504294,0.033452,1.5690085603626427,-0.6192364836329944,1.3241810387545472,15.743031522520488,-0.8087355523247112,1.736904759556222,0.0,0.0,0.0,0.0,0.0,0.0,0.0
-49,pedestrian,4,1,256,44.537785,0.033491,1.5497406614557836,-0.5780369672057702,1.2359854928167255,15.71787516058963,-0.7546908579257283,1.6213408319694855,0.0,0.0,0.0,0.0,0.0,0.0,0.0
-49,pedestrian,4,1,257,44.57126100000001,0.033476,1.531754805243991,-0.5395756863537731,1.1538384255599146,15.69440015550349,-0.7042501525841582,1.5132211602471028,0.0,0.0,0.0,0.0,0.0,0.0,0.0
-49,pedestrian,4,1,258,44.604763000000005,0.033502,1.5149658665037609,-0.5036681622069072,1.0772257244059755,15.672494248826027,-0.6571772003239241,1.4121885678070238,0.0,0.0,0.0,0.0,0.0,0.0,0.0
-49,pedestrian,4,1,259,44.638245000000005,0.033482,1.4992944076969092,-0.470143764205548,1.0057319400407783,15.652052565092436,-0.6132505120077142,1.3178006494862993,0.0,0.0,0.0,0.0,0.0,0.0,0.0
-49,pedestrian,4,1,260,44.671695,0.03345,1.4846663118832037,-0.4388428744111638,0.9390266938315253,15.632977069294318,-0.5722648739435523,1.229569141924857,0.0,0.0,0.0,0.0,0.0,0.0,0.0
-49,pedestrian,4,1,261,44.705172000000005,0.033477,1.4710124330887344,-0.4096163638340772,0.8767953173125996,15.61517603527558,-0.5340310205621439,1.1470156014422532,0.0,0.0,0.0,0.0,0.0,0.0,0.0
-49,pedestrian,4,1,262,44.738656000000006,0.033484,1.4582680696938985,-0.38233090184507434,0.8185638596700859,15.59856415346438,-0.4983564543359931,1.0702369867845232,0.0,0.0,0.0,0.0,0.0,0.0,0.0
-49,pedestrian,4,1,263,44.772135000000006,0.033479,1.4463727401384512,-0.35685988666341883,0.7641304554496648,15.583062020928734,-0.4650639760694064,0.9987743479976016,0.0,0.0,0.0,0.0,0.0,0.0,0.0
-49,pedestrian,4,1,264,44.805595000000004,0.03346,1.4352699857068958,-0.33308263294665863,0.7133176115028064,15.568595484151746,-0.4339961033096127,0.9320361827938122,0.0,0.0,0.0,0.0,0.0,0.0,0.0
-49,pedestrian,4,1,265,44.839058,0.033463,1.4249070963305461,-0.31088668129049185,0.665878549685004,15.555095304681995,-0.405005384092545,0.8697215765120313,0.0,0.0,0.0,0.0,0.0,0.0,0.0
-49,pedestrian,4,1,266,44.872528,0.03347,1.4152348569107402,-0.2901671825941798,0.6215849608893614,15.54249684394815,-0.37795382201531186,0.8115468623169948,0.0,0.0,0.0,0.0,0.0,0.0,0.0
-49,pedestrian,4,1,267,44.90599400000001,0.033466,1.4062073138300037,-0.27082629242209655,0.5802267051624974,15.530739768699425,-0.3527122574617857,0.7572469366057847,0.0,0.0,0.0,0.0,0.0,0.0,0.0
-49,pedestrian,4,1,268,44.939497,0.033503,1.3977815547633714,-0.25277277199896886,0.5416056126938309,15.519767770097982,-0.32915995804326814,0.7065689825555269,0.0,0.0,0.0,0.0,0.0,0.0,0.0
-49,pedestrian,4,1,269,44.972947000000005,0.03345,1.3899175080206503,-0.23592140228163172,0.5055410915201143,15.509528295199912,-0.30718424694209034,0.6592713330353343,0.0,0.0,0.0,0.0,0.0,0.0,0.0
-49,pedestrian,4,1,270,45.006399,0.033452,1.382577756164874,-0.22019255567328583,0.4718653982503763,15.499972322072335,-0.28667919382732365,0.6151515934430007,0.0,0.0,0.0,0.0,0.0,0.0,0.0
-49,pedestrian,4,1,271,45.039875,0.033476,1.3757273602597908,-0.2055118771524943,0.44042035562374604,15.491054119217287,-0.2675460856514593,0.5739932452759302,0.0,0.0,0.0,0.0,0.0,0.0,0.0
-49,pedestrian,4,1,272,45.073309,0.033434,1.3693336965259657,-0.1918099120147546,0.4110589541321906,15.482731020775057,-0.2496929532668868,0.5355939715371751,0.0,0.0,0.0,0.0,0.0,0.0,0.0
-49,pedestrian,4,1,273,45.106776,0.033467,1.363366305462958,-0.17902173189023673,0.38364540373553646,15.474963231640164,-0.23303367404682762,0.4997783766017758,0.0,0.0,0.0,0.0,0.0,0.0,0.0
-49,pedestrian,4,1,274,45.140223000000006,0.033447,1.357796746216203,-0.16708677740264558,0.35804863462773456,15.467713631307898,-0.21748800996794956,0.4663699223663417,0.0,0.0,0.0,0.0,0.0,0.0,0.0
-49,pedestrian,4,1,275,45.173691000000005,0.033468,1.3525984608037929,-0.1559485623723082,0.33414645091012113,15.4609475889083,-0.20298127198790197,0.43520213940142743,0.0,0.0,0.0,0.0,0.0,0.0,0.0
-49,pedestrian,4,1,276,45.207172,0.033481,1.3477466440010248,-0.14555450408304302,0.3118217486779554,15.45463280077336,-0.1894436440482001,0.40612883819105616,0.0,0.0,0.0,0.0,0.0,0.0,0.0
-49,pedestrian,4,1,277,45.240636,0.033464,1.3432181183432395,-0.13585576973356478,0.2909620304843476,15.448739129460963,-0.17681013937192483,0.379005140288258,0.0,0.0,0.0,0.0,0.0,0.0,0.0
-49,pedestrian,4,1,278,45.274097000000005,0.033461,1.338991213914693,-0.12680713285639994,0.2714591063149448,15.443238459203625,-0.1650201077201086,0.3537009495544867,0.0,0.0,0.0,0.0,0.0,0.0,0.0
-49,pedestrian,4,1,279,45.307571,0.033474,1.335045647311202,-0.11836699810472792,0.2532040425501606,15.438104558249949,-0.1540170286102928,0.33009237329447483,0.0,0.0,0.0,0.0,0.0,0.0,0.0
-49,pedestrian,4,1,280,45.341047,0.033476,1.3313623994681045,-0.11049743529292204,0.23608688435417666,15.4333129563258,-0.14374805772446428,0.30806912657485563,0.0,0.0,0.0,0.0,0.0,0.0,0.0
-49,pedestrian,4,1,281,45.374526,0.033479,1.3279235985433022,-0.10316402774406995,0.22000222646556278,15.428840828295215,-0.1341638409175321,0.2875265042079651,0.0,0.0,0.0,0.0,0.0,0.0,0.0
-49,pedestrian,4,1,282,45.40793,0.033404,1.3247123627960908,-0.09633707241634189,0.2048086598318419,15.42466689347927,-0.12521804447833804,0.2683738931758225,0.0,0.0,0.0,0.0,0.0,0.0,0.0
-49,pedestrian,4,1,283,45.441393000000005,0.033463,1.3217126395214276,-0.08999169823989657,0.19036122529335953,15.420771328955238,-0.11686693572095629,0.2505332627214526,0.0,0.0,0.0,0.0,0.0,0.0,0.0
-49,pedestrian,4,1,284,45.474849000000006,0.033456,1.318909012792193,-0.08410880187704028,0.1764868908856886,15.417135702950707,-0.10906878013593135,0.2339446675507479,0.0,0.0,0.0,0.0,0.0,0.0,0.0
-49,pedestrian,4,1,285,45.508323000000004,0.033474,1.316286523765105,-0.07867467081263921,0.16302393193203243,15.413742929957758,-0.10178318978850241,0.21856771042286827,0.0,0.0,0.0,0.0,0.0,0.0,0.0
-49,pedestrian,4,1,286,45.54180100000001,0.033478,1.313830274521581,-0.07368747730571583,0.14961580520770132,15.410577276091457,-0.09496961598900178,0.20440721398501896,0.0,0.0,0.0,0.0,0.0,0.0,0.0
-49,pedestrian,4,1,287,45.575275000000005,0.033474,1.3115252059704634,-0.06915205653353344,0.13606262316547155,15.407624395656322,-0.08858641305405347,0.19149608804844895,0.0,0.0,0.0,0.0,0.0,0.0,0.0
-49,pedestrian,4,1,288,45.608769,0.033494,1.309355410568278,-0.06509386206556149,0.12174583403915869,15.40487150041745,-0.08258685716616311,0.17998667663671075,0.0,0.0,0.0,0.0,0.0,0.0,0.0
-49,pedestrian,4,1,289,45.642252,0.033483,1.3073038204528125,-0.06154770346397065,0.10638475804772528,15.402307532038098,-0.0769190513805828,0.17003417356740916,0.0,0.0,0.0,0.0,0.0,0.0,0.0
-49,pedestrian,4,1,290,45.675744,0.033492,1.3053515618048805,-0.05856775943795543,0.08939832078045659,15.399923618850453,-0.07151739562935187,0.1620496725369278,0.0,0.0,0.0,0.0,0.0,0.0,0.0
-49,pedestrian,4,1,291,45.709208000000004,0.033464,1.3034766742211081,-0.05624662751317326,0.0696339577434652,15.397713860087418,-0.06629276289103168,0.15673898214960558,0.0,0.0,0.0,0.0,0.0,0.0,0.0
-49,pedestrian,4,1,292,45.742662,0.033454,1.3016540506849783,-0.05467870608389196,0.04703764287843887,15.39567591836229,-0.06113825175385547,0.15463533411528654,0.0,0.0,0.0,0.0,0.0,0.0,0.0
-49,pedestrian,4,1,293,45.77614200000001,0.03348,1.299855079364959,-0.05396913960057922,0.021286994499382445,15.393812334893669,-0.0559075040586252,0.15692243085690807,0.0,0.0,0.0,0.0,0.0,0.0,0.0
-49,pedestrian,4,1,294,45.809628000000004,0.033486,1.2980467505501996,-0.054249864442781674,-0.008421745266073732,15.392131981044294,-0.050410615481226766,0.16490665732195295,0.0,0.0,0.0,0.0,0.0,0.0,0.0
-49,pedestrian,4,1,295,45.843054,0.033426,1.2961935462501126,-0.05559612900261003,-0.040387936794850816,15.390651444954539,-0.04441608269265008,0.17983598365730055,0.0,0.0,0.0,0.0,0.0,0.0,0.0
-49,pedestrian,4,1,296,45.876515000000005,0.033461,1.2942593567766374,-0.058025684204257875,-0.07288665604943535,15.389395221821584,-0.03768669398864992,0.20188166112000486,0.0,0.0,0.0,0.0,0.0,0.0,0.0
-49,pedestrian,4,1,297,45.909976,0.033461,1.2922076942427039,-0.06154987601800792,-0.10572575441250129,15.388398629255073,-0.029897776995301995,0.2336675098004378,0.0,0.0,0.0,0.0,0.0,0.0,0.0
-49,pedestrian,4,1,298,45.943443,0.033467,1.290007674018797,-0.06600060671720916,-0.13352192097603732,15.387706135498734,-0.02077481269018501,0.27368892915350956,0.0,0.0,0.0,0.0,0.0,0.0,0.0
-49,pedestrian,4,1,299,45.976913,0.03347,1.2876427663428687,-0.0709472302778483,-0.1483987068191741,15.387366075110679,-0.010201811641634648,0.31719003145651087,0.0,0.0,0.0,0.0,0.0,0.0,0.0
-49,pedestrian,4,1,300,46.010380000000005,0.033467,1.2851105651126986,-0.07596603690510413,-0.15056419881767494,15.38742779750385,0.0018516717951653997,0.36160450310400144,0.0,0.0,0.0,0.0,0.0,0.0,0.0
-49,pedestrian,4,1,301,46.043888,0.033508,1.282512579915303,-0.07793955592187081,-0.05920557050300041,15.387814480338596,0.01160048504235543,0.2924643974157009,0.0,0.0,0.0,0.0,0.0,0.0,0.0
-49,pedestrian,4,1,302,46.077353,0.033465,1.279921562777119,-0.07773051414551752,0.006271253290598971,15.388459442730284,0.019348871750614283,0.23245160124776557,0.0,0.0,0.0,0.0,0.0,0.0,0.0
-49,pedestrian,4,1,303,46.110806000000004,0.033453,1.2773904530108666,-0.07593329298757427,0.05391663473829726,15.389303224266307,0.025313446080718338,0.17893722990312166,0.0,0.0,0.0,0.0,0.0,0.0,0.0
-49,pedestrian,4,1,304,46.144231000000005,0.033425,1.274957410487667,-0.07299127569598375,0.08826051874771555,15.390288593672695,0.029561082191658795,0.12742908332821373,0.0,0.0,0.0,0.0,0.0,0.0,0.0
-49,pedestrian,4,1,305,46.177678,0.033447,1.272646809513282,-0.06931802923155404,0.11019739393289125,15.391362427584708,0.032215017360412095,0.07961805506259903,0.0,0.0,0.0,0.0,0.0,0.0,0.0
-49,pedestrian,4,1,306,46.211157,0.033479,1.2704711551773045,-0.06526963007932232,0.12145197456695184,15.392479366410045,0.03350816476011716,0.03879442199115186,0.0,0.0,0.0,0.0,0.0,0.0,0.0
-49,pedestrian,4,1,307,46.244642,0.033485,1.2684321280157353,-0.06117081484707113,0.12296445696753568,15.393624496199246,0.0343538936760263,0.025371867477274386,0.0,0.0,0.0,0.0,0.0,0.0,0.0
-49,pedestrian,4,1,308,46.278143,0.033501,1.2665287095178535,-0.05710255493645499,0.12204779731848435,15.394781940017022,0.03472331453328676,0.011082625717813793,0.0,0.0,0.0,0.0,0.0,0.0,0.0
-49,pedestrian,4,1,309,46.311621,0.033478,1.2647573939411847,-0.05313946730006496,0.1188926290917008,15.3959355894354,0.03460948255131124,-0.00341495945926573,0.0,0.0,0.0,0.0,0.0,0.0,0.0
-49,pedestrian,4,1,310,46.345107,0.033486,1.2631124206686235,-0.049349198176836126,0.11370807369686517,15.39707188735357,0.03408893754512343,-0.015616350185634236,0.0,0.0,0.0,0.0,0.0,0.0,0.0
-49,pedestrian,4,1,311,46.378588,0.033481,1.261586623290315,-0.0457739213492533,0.10725830482748476,15.398179596596536,0.033231277288958354,-0.025729807684952366,0.0,0.0,0.0,0.0,0.0,0.0,0.0
-49,pedestrian,4,1,312,46.412038,0.03345,1.26017199847794,-0.04243874437125205,0.10005530934003747,15.399249529590593,0.03209798982169646,-0.03399862401785668,0.0,0.0,0.0,0.0,0.0,0.0,0.0
-49,pedestrian,4,1,313,46.44551800000001,0.03348,1.2588603669286746,-0.0393489464779596,0.0926939367987735,15.400275502373912,0.03077918349956937,-0.03956418966381271,0.0,0.0,0.0,0.0,0.0,0.0,0.0
-49,pedestrian,4,1,314,46.478999,0.033481,1.2576437224321344,-0.03649933489620484,0.08548834745264278,15.401253409577714,0.029337216114097668,-0.04325902156415101,0.0,0.0,0.0,0.0,0.0,0.0,0.0
-49,pedestrian,4,1,315,46.512479,0.03348,1.256514384632027,-0.03388013400322212,0.07857602678948157,15.402180842968242,0.027823001715809176,-0.045426431948654734,0.0,0.0,0.0,0.0,0.0,0.0,0.0
-49,pedestrian,4,1,316,46.54594,0.033461,1.255465307085207,-0.031472326404599904,0.07223422795866663,15.40305705375895,0.02628632372122126,-0.046100339837637436,0.0,0.0,0.0,0.0,0.0,0.0,0.0
-49,pedestrian,4,1,317,46.579405,0.033465,1.2544900029743684,-0.029259123325160917,0.06639609238316957,15.403882327305036,0.024758206382565554,-0.045843520159671164,0.0,0.0,0.0,0.0,0.0,0.0,0.0
-49,pedestrian,4,1,318,46.612880000000004,0.033475,1.2535826406658168,-0.027220869256549395,0.06114762205834567,15.404657841889508,0.023265437534144465,-0.044783065452632664,0.0,0.0,0.0,0.0,0.0,0.0,0.0
-49,pedestrian,4,1,319,46.646342000000004,0.033462,1.2527379283359024,-0.025341369897435635,0.05638498077341282,15.405385285473388,0.021823307516391496,-0.04326390053258911,0.0,0.0,0.0,0.0,0.0,0.0,0.0
-49,pedestrian,4,1,320,46.679852000000004,0.03351,1.2519511149026998,-0.02360440299607756,0.0521090070407422,15.406066737113099,0.020443549191315455,-0.04139274975228123,0.0,0.0,0.0,0.0,0.0,0.0,0.0
-49,pedestrian,4,1,321,46.71332,0.033468,1.2512178843018256,-0.02199691802622843,0.048224549095473884,15.406704446147412,0.019131271029377683,-0.039368344858133134,0.0,0.0,0.0,0.0,0.0,0.0,0.0
-49,pedestrian,4,1,322,46.746776000000004,0.033456,1.2505343318114046,-0.02050657471262788,0.04471029940801649,15.407300778250423,0.017889963090366497,-0.037239238170335545,0.0,0.0,0.0,0.0,0.0,0.0,0.0
-49,pedestrian,4,1,323,46.78025100000001,0.033475,1.2498969085455125,-0.019122697976763386,0.041516302075934854,15.407858122836624,0.016720337585988926,-0.03508876513132716,0.0,0.0,0.0,0.0,0.0,0.0,0.0
-49,pedestrian,4,1,324,46.813724,0.033473,1.2493023620840624,-0.01783639384350005,0.03858912399790009,15.40837882280828,0.015620999149645196,-0.03298015309031191,0.0,0.0,0.0,0.0,0.0,0.0,0.0
-49,pedestrian,4,1,325,46.847191,0.033467,1.2487477073624458,-0.016639641648497096,0.03590256585008866,15.408865149695101,0.014589806604657488,-0.030935776349631215,0.0,0.0,0.0,0.0,0.0,0.0,0.0
-49,pedestrian,4,1,326,46.880669000000005,0.033478,1.248230191620943,-0.015525472245081374,0.03342508210247167,15.409319281141821,0.013623943401573748,-0.028975896092512176,0.0,0.0,0.0,0.0,0.0,0.0,0.0
-49,pedestrian,4,1,327,46.914128000000005,0.033459,1.2477472693815508,-0.01448766718176965,0.03113415189935167,15.40974328941223,0.012720248112261152,-0.027110858679377868,0.0,0.0,0.0,0.0,0.0,0.0,0.0
-49,pedestrian,4,1,328,46.947591,0.033463,1.2472965783847278,-0.013520729904685143,0.029008118312535237,15.41013913517864,0.011875372992338882,-0.025346253597668105,0.0,0.0,0.0,0.0,0.0,0.0,0.0
-49,pedestrian,4,1,329,46.98101200000001,0.033421,1.2468759211362934,-0.012619717453030891,0.02703037354962758,15.410508669198428,0.011086020593642425,-0.02368057196089366,0.0,0.0,0.0,0.0,0.0,0.0,0.0
-49,pedestrian,4,1,330,47.01449100000001,0.033479,1.2464832466010471,-0.011780236057388867,0.025184441869260717,15.41085363363896,0.010348933215955595,-0.022112621330604945,0.0,0.0,0.0,0.0,0.0,0.0,0.0
-49,pedestrian,4,1,331,47.047948000000005,0.033457,1.246116636302205,-0.010998308965266317,0.023457812763676523,15.411175666586828,0.009660988436097513,-0.02063834339574247,0.0,0.0,0.0,0.0,0.0,0.0,0.0
-49,pedestrian,4,1,332,47.081413000000005,0.033465,1.2457742863380614,-0.010270498924307142,0.02183430122877522,15.411476310029125,0.009019303268861028,-0.01925055501709455,0.0,0.0,0.0,0.0,0.0,0.0,0.0
-49,pedestrian,4,1,333,47.114881000000004,0.033468,1.2454544947958024,-0.009593746267772112,0.020302579696050895,15.411757017736283,0.008421231214760426,-0.017942161623018052,0.0,0.0,0.0,0.0,0.0,0.0,0.0
-49,pedestrian,4,1,334,47.148363,0.033482,1.2451556532839771,-0.00896524535475968,0.018855027390372956,15.412019162694788,0.00786434875515443,-0.016706473788179858,0.0,0.0,0.0,0.0,0.0,0.0,0.0
-49,pedestrian,4,1,335,47.181837,0.033474,1.2448762286732515,-0.00838273832177121,0.017475210989654138,15.412264048945778,0.007346587529675696,-0.015532836764362045,0.0,0.0,0.0,0.0,0.0,0.0,0.0
-49,pedestrian,4,1,336,47.215298000000004,0.033461,1.244614748562476,-0.0078444033232672,0.016150049955120323,15.412492925923209,0.0068663093229203,-0.014408346202661864,0.0,0.0,0.0,0.0,0.0,0.0,0.0
-49,pedestrian,4,1,337,47.248766,0.033468,1.2443697963352338,-0.007348566817261001,0.014875095180185949,15.41270699671718,0.006422123819138111,-0.013325565113465672,0.0,0.0,0.0,0.0,0.0,0.0,0.0
-49,pedestrian,4,1,338,47.282234,0.033468,1.2441399980728955,-0.0068939478701495645,0.013638568413343094,15.412907434490986,0.006013133214204054,-0.012269718148021701,0.0,0.0,0.0,0.0,0.0,0.0,0.0
-49,pedestrian,4,1,339,47.315695000000005,0.033461,1.2439240153989175,-0.006479480219338426,0.012434029524334162,15.413095397278635,0.005638883629470033,-0.011227487542020633,0.0,0.0,0.0,0.0,0.0,0.0,0.0
-49,pedestrian,4,1,340,47.349168000000006,0.033473,1.2437205438652728,-0.006104146009345824,0.011260026299778066,15.413272041708373,0.0052993328921293725,-0.01018652212021983,0.0,0.0,0.0,0.0,0.0,0.0,0.0
-49,pedestrian,4,1,341,47.382633000000006,0.033465,1.2435283501689007,-0.005765810891160424,0.010150053545562018,15.413438511924408,0.004994106481040415,-0.00915679233266872,0.0,0.0,0.0,0.0,0.0,0.0,0.0
-49,pedestrian,4,1,342,47.416094,0.033461,1.2433462126514716,-0.005464125522876612,0.00905056104851435,15.41359599161369,0.0047243906784525105,-0.008091474077637141,0.0,0.0,0.0,0.0,0.0,0.0,0.0
-49,pedestrian,4,1,343,47.449556,0.033462,1.2431729937635427,-0.005196566637863287,0.008026766550399748,15.413745662970436,0.004490140702414553,-0.007027499281138738,0.0,0.0,0.0,0.0,0.0,0.0,0.0
-49,pedestrian,4,1,344,47.483023,0.033467,1.243007612192583,-0.004961447128788764,0.0070535852722356865,15.413888748001892,0.004292550943675499,-0.005927692762171629,0.0,0.0,0.0,0.0,0.0,0.0,0.0
-49,pedestrian,4,1,345,47.516485,0.033462,1.2428491223577538,-0.004754695044879229,0.006202562517286053,15.414026436561482,0.004130656787697301,-0.004856824679345924,0.0,0.0,0.0,0.0,0.0,0.0,0.0
-49,pedestrian,4,1,346,47.549947,0.033462,1.2426966856262613,-0.004573101944771547,0.005447793003230483,15.414159926610484,0.004004701470043693,-0.003778659529608265,0.0,0.0,0.0,0.0,0.0,0.0,0.0
-49,pedestrian,4,1,347,47.583406000000004,0.033459,1.2425496518177412,-0.004411014255606087,0.004862630674963799,15.414290311316046,0.003911541166885609,-0.0027948090947425156,0.0,0.0,0.0,0.0,0.0,0.0,0.0
-49,pedestrian,4,1,348,47.616929,0.033523,1.2424075003355024,-0.004264544467163078,0.004394093653290282,15.414418628749663,0.003849523008505349,-0.0018605447514077915,0.0,0.0,0.0,0.0,0.0,0.0,0.0
-49,pedestrian,4,1,349,47.650366000000005,0.033437,1.242270140837731,-0.004120784933143233,0.004312786020595317,15.414545413591268,0.0038035452481558958,-0.0013793328104835926,0.0,0.0,0.0,0.0,0.0,0.0,0.0
-49,pedestrian,4,1,350,47.683852,0.033486,1.2421379010167337,-0.003967194629919454,0.004607709096713394,15.414670523736245,0.0037533043492840056,-0.0015072269661567054,0.0,0.0,0.0,0.0,0.0,0.0,0.0
-49,pedestrian,4,1,351,47.717309,0.033457,1.2420111291086935,-0.0038031572412036492,0.0049211216614741295,15.414793632387571,0.003693259539790518,-0.0018013442848046396,0.0,0.0,0.0,0.0,0.0,0.0,0.0
-49,pedestrian,4,1,352,47.750756,0.033447,1.2418901506341053,-0.0036293542376448114,0.005214090106765142,15.414914260917746,0.003618855905216039,-0.0022321090372343613,0.0,0.0,0.0,0.0,0.0,0.0,0.0
-49,pedestrian,4,1,353,47.784201,0.033445,1.2417752407254075,-0.0034472972609360455,0.005461709301262973,15.415031797520662,0.003526098087471553,-0.0027827345323345747,0.0,0.0,0.0,0.0,0.0,0.0,0.0
-49,pedestrian,4,1,354,47.817688000000004,0.033487,1.2416666934990277,-0.003256416791395053,0.005726414086229773,15.415145250312651,0.0034035837596742453,-0.0036754298339192345,0.0,0.0,0.0,0.0,0.0,0.0,0.0
-49,pedestrian,4,1,355,47.851159,0.033471,1.2415643815025008,-0.003069359895804329,0.005611706867721718,15.415254582709222,0.0032799718971451577,-0.0037083558758726283,0.0,0.0,0.0,0.0,0.0,0.0,0.0
-49,pedestrian,4,1,356,47.884608,0.033449,1.2414681308492073,-0.0028875195988055657,0.005455208909962894,15.415359813573343,0.0031569259236342495,-0.003691379205327239,0.0,0.0,0.0,0.0,0.0,0.0,0.0
-49,pedestrian,4,1,357,47.918081,0.033473,1.2413777538629345,-0.002711309588186595,0.005286300318569113,15.415460917336295,0.0030331128885922086,-0.003714391051261225,0.0,0.0,0.0,0.0,0.0,0.0,0.0
-49,pedestrian,4,1,358,47.951564000000005,0.033483,1.2412930422360968,-0.0025413488051314144,0.005098823491655428,15.415557867419771,0.002908502504292279,-0.0037383115289978956,0.0,0.0,0.0,0.0,0.0,0.0,0.0
-49,pedestrian,4,1,359,47.985019,0.033455,1.2412137688970937,-0.0023782001700921587,0.004894459051177676,15.415650595954606,0.0027818560450327155,-0.003799393777786894,0.0,0.0,0.0,0.0,0.0,0.0,0.0
