id,agent_type,type,sim_state,tick_count,sim_time,delta_time,x,x_vel,x_acc,y,y_vel,y_acc,s,s_vel,s_acc,d,d_vel,d_acc,yaw
-128,pedestrian,4,1,1,238.171267,0.0,-8.439089201362604,0.07966814996344466,-0.17071746256448472,-0.0778232500269515,0.7856732672020716,-3.753400623596276,0.0,0.0,0.0,0.0,0.0,0.0,0.0
-128,pedestrian,4,1,2,238.204757,0.03349,-8.436628401412475,0.07382399850386652,-0.17532454378734422,-0.05549070104456917,0.6699764694714696,-3.470903931918062,0.0,0.0,0.0,0.0,0.0,0.0,0.0
-128,pedestrian,4,1,3,238.238244,0.033487,-8.434353480897785,0.06824761544072072,-0.1672914918943739,-0.03675850115529134,0.5619659966783349,-3.240314183794041,0.0,0.0,0.0,0.0,0.0,0.0,0.0
-128,pedestrian,4,1,4,238.2717,0.033456,-8.432246969964252,0.06319532800600312,-0.15156862304152793,-0.021421524118388192,0.4601093111070944,-3.0557005671372153,0.0,0.0,0.0,0.0,0.0,0.0,0.0
-128,pedestrian,4,1,5,238.305157,0.033457,-8.430302071222357,0.058346962256864476,-0.14545097247415942,-0.009253382605773897,0.36504424537842883,-2.851951971859967,0.0,0.0,0.0,0.0,0.0,0.0,0.0
-128,pedestrian,4,1,6,238.338658,0.033501,-8.428512028214497,0.05370129023579143,-0.13937016063219151,-4.277751279867757e-05,0.2763181527892566,-2.661782777675167,0.0,0.0,0.0,0.0,0.0,0.0,0.0
-128,pedestrian,4,1,7,238.372103,0.033445,-8.426870185364464,0.04925528550096995,-0.13338014204464438,0.006407506450593551,0.19350851890176685,-2.4842890166246923,0.0,0.0,0.0,0.0,0.0,0.0,0.0
-128,pedestrian,4,1,8,238.405589,0.033486,-8.425370031901224,0.04500460389722503,-0.12752044811234758,0.010281538648846122,0.11622096594757717,-2.3186265886256905,0.0,0.0,0.0,0.0,0.0,0.0,0.0
-128,pedestrian,4,1,9,238.439035,0.033446,-8.424005233625643,0.040943948267457814,-0.12181966889301642,0.011751118189984746,0.0440873862341587,-2.164007391402554,0.0,0.0,0.0,0.0,0.0,0.0,0.0
-128,pedestrian,4,1,10,238.4725,0.033465,-8.42276965538325,0.03706734727173738,-0.11629802987161289,0.010976591432584656,-0.023235802722002694,-2.0196956686848417,0.0,0.0,0.0,0.0,0.0,0.0,0.0
-128,pedestrian,4,1,11,238.505974,0.033474,-8.421657376391357,0.033368369756787336,-0.11096932544850133,0.008107615146215741,-0.08606928859106744,-1.8850045760719425,0.0,0.0,0.0,0.0,0.0,0.0,0.0
-128,pedestrian,4,1,12,238.539448,0.033474,-8.420662700052059,0.02984029017895412,-0.10584238733499643,0.0032838689056477605,-0.1447123872170394,-1.759292958779159,0.0,0.0,0.0,0.0,0.0,0.0,0.0
-128,pedestrian,4,1,13,238.572923,0.033475,-8.419780159503361,0.026476216460952367,-0.10092221154005265,-0.0033642799268237857,-0.1994444649741464,-1.6419623327132096,0.0,0.0,0.0,0.0,0.0,0.0,0.0
-128,pedestrian,4,1,14,238.60638,0.033457,-8.41900451987835,0.023269188750350583,-0.09621083131805355,-0.011715155491461694,-0.25052626693913727,-1.5324540589497266,0.0,0.0,0.0,0.0,0.0,0.0,0.0
-128,pedestrian,4,1,15,238.639842,0.033462,-8.418330778029771,0.020212255457345663,-0.09170799879014757,-0.02165519405734548,-0.2982011569765136,-1.4302467011212898,0.0,0.0,0.0,0.0,0.0,0.0,0.0
-128,pedestrian,4,1,16,238.673306,0.033464,-8.417754160315546,0.01729853142678057,-0.08741172091695276,-0.03307840324004783,-0.34269627548107046,-1.3348535551367056,0.0,0.0,0.0,0.0,0.0,0.0,0.0
-128,pedestrian,4,1,17,238.706773,0.033467,-8.41727011891637,0.014521241975270036,-0.0833186835453161,-0.0458858572459091,-0.3842236201758382,-1.2458203408430335,0.0,0.0,0.0,0.0,0.0,0.0,0.0
-128,pedestrian,4,1,18,238.740246,0.033473,-8.41687432706024,0.011873755683913152,-0.07942458874070653,-0.05998522574687331,-0.4229810550289262,-1.1627230455926387,0.0,0.0,0.0,0.0,0.0,0.0,0.0
-128,pedestrian,4,1,19,238.773712,0.033466,-8.41656267345353,0.009349608201290842,-0.07572442447866928,-0.07529033414796647,-0.4591532520327948,-1.0851659101160571,0.0,0.0,0.0,0.0,0.0,0.0,0.0
-128,pedestrian,4,1,20,238.807178,0.033466,-8.416331256159365,0.006942518824928582,-0.0722126812908678,-0.09172075315748554,-0.4929125702855722,-1.0127795475833226,0.0,0.0,0.0,0.0,0.0,0.0,0.0
-128,pedestrian,4,1,21,238.840643,0.033465,-8.416176376117603,0.004646401252868176,-0.0688835271618122,-0.10920141570837581,-0.5244198765267083,-0.9452191872340823,0.0,0.0,0.0,0.0,0.0,0.0,0.0
-128,pedestrian,4,1,22,238.874109,0.033466,-8.416094530464198,0.0024553696021302543,-0.06573094952213765,-0.12766225940865863,-0.5538253110084848,-0.8821630344532949,0.0,0.0,0.0,0.0,0.0,0.0,0.0
-128,pedestrian,4,1,23,238.907574,0.033465,-8.416082405778965,0.0003637405569630434,-0.06274887135501633,-0.14703789281966825,-0.5812690023302886,-0.8233107396541146,0.0,0.0,0.0,0.0,0.0,0.0,0.0
-128,pedestrian,4,1,24,238.941045,0.033471,-8.41613687136825,-0.0016339676785454417,-0.05993124706525456,-0.16726728397378482,-0.6068817346234969,-0.7683819687962508,0.0,0.0,0.0,0.0,0.0,0.0,0.0
-128,pedestrian,4,1,25,238.974517,0.033472,-8.416254972671696,-0.003543039103379039,-0.057272142745007915,-0.18829346964880472,-0.6307855702505972,-0.7171150688130075,0.0,0.0,0.0,0.0,0.0,0.0,0.0
-128,pedestrian,4,1,26,239.007989,0.033472,-8.416433924869287,-0.0053685659276840065,-0.05476580472914904,-0.2100632840145369,-0.653094430971965,-0.669265821641031,0.0,0.0,0.0,0.0,0.0,0.0,0.0
-128,pedestrian,4,1,27,239.041462,0.033473,-8.41667110675556,-0.007115456588218404,-0.05240671981603193,-0.23252710535909393,-0.6739146403367116,-0.6246062809423982,0.0,0.0,0.0,0.0,0.0,0.0,0.0
-128,pedestrian,4,1,28,239.074934,0.033472,-8.416964054942062,-0.00878844559503612,-0.05018967020453148,-0.2556386196880712,-0.6933454298693195,-0.5829236859782381,0.0,0.0,0.0,0.0,0.0,0.0,0.0
-128,pedestrian,4,1,29,239.108452,0.033518,-8.417310458446398,-0.010392105130093414,-0.048109786051718804,-0.27935460006975515,-0.7114794114505184,-0.5440194474359688,0.0,0.0,0.0,0.0,0.0,0.0,0.0
-128,pedestrian,4,1,30,239.141933,0.033481,-8.417708153726945,-0.011930858416441946,-0.04616259859045593,-0.3036347006740252,-0.7284030181281009,-0.5077082003274771,0.0,0.0,0.0,0.0,0.0,0.0,0.0
-128,pedestrian,4,1,31,239.175417,0.033484,-8.418155120226364,-0.013408994982569996,-0.04434409698384151,-0.3284412645220305,-0.7441969154401588,-0.47381691936173387,0.0,0.0,0.0,0.0,0.0,0.0,0.0
-128,pedestrian,4,1,32,239.208873,0.033456,-8.418649476495316,-0.014830688068563145,-0.042650792579794455,-0.3537391440283132,-0.7589363851884805,-0.44218409244965273,0.0,0.0,0.0,0.0,0.0,0.0,0.0
-128,pedestrian,4,1,33,239.242328,0.033455,-8.419189476980982,-0.01620001456997775,-0.041079795042438194,-0.3794955334770592,-0.7726916834623816,-0.41265894821703286,0.0,0.0,0.0,0.0,0.0,0.0,0.0
-128,pedestrian,4,1,34,239.2758,0.033472,-8.419773509584543,-0.01752097810684264,-0.039628906105946646,-0.40567981262977815,-0.7855283745815681,-0.38510073357559516,0.0,0.0,0.0,0.0,0.0,0.0,0.0
-128,pedestrian,4,1,35,239.309274,0.033474,-8.420400094119913,-0.018797536061072245,-0.03829673862688819,-0.4322634007130749,-0.7975076424989018,-0.3593780375200133,0.0,0.0,0.0,0.0,0.0,0.0,0.0
-128,pedestrian,4,1,36,239.342751,0.033477,-8.421067881845874,-0.02003363177883493,-0.03708287153288057,-0.4592196200823271,-0.8086865810775653,-0.3353681573599041,0.0,0.0,0.0,0.0,0.0,0.0,0.0
-128,pedestrian,4,1,37,239.376224,0.033473,-8.421775656300408,-0.02123323363603537,-0.035988055716013226,-0.48652356889994114,-0.8191184645284224,-0.31295650352571225,0.0,0.0,0.0,0.0,0.0,0.0,0.0
-128,pedestrian,4,1,38,239.409698,0.033474,-8.422436245791307,-0.019817684726966347,0.04246646727207074,-0.5120072544630476,-0.7645105668931943,1.6382369290568448,0.0,0.0,0.0,0.0,0.0,0.0,0.0
-128,pedestrian,4,1,39,239.443202,0.033504,-8.423052795982812,-0.01849650574516859,0.039635369453932694,-0.5357920276552803,-0.7135431957669813,1.5290211337863886,0.0,0.0,0.0,0.0,0.0,0.0,0.0
-128,pedestrian,4,1,40,239.4767,0.033498,-8.423628242828217,-0.017263405362157352,0.03699301149033718,-0.5579911493013642,-0.6659736493825159,1.4270863915339627,0.0,0.0,0.0,0.0,0.0,0.0,0.0
-128,pedestrian,4,1,41,239.510162,0.033462,-8.424165326550595,-0.016112511671346863,0.034526810724314703,-0.5787103295043757,-0.6215754060903482,1.3319472987650318,0.0,0.0,0.0,0.0,0.0,0.0,0.0
-128,pedestrian,4,1,42,239.543645,0.033483,-8.424666604691481,-0.015038344226590405,0.032225023342693726,-0.5980482310271865,-0.580137045684325,1.2431508121806965,0.0,0.0,0.0,0.0,0.0,0.0,0.0
-128,pedestrian,4,1,43,239.577091,0.033446,-8.425134464289641,-0.014035787944817711,0.03007668845318081,-0.6160969391151433,-0.5414612426387033,1.16027409136865,0.0,0.0,0.0,0.0,0.0,0.0,0.0
-128,pedestrian,4,1,44,239.610555,0.033464,-8.425571133247924,-0.01310006874849653,0.028071575889635422,-0.6329423999972363,-0.5053638264627898,1.0829224852774066,0.0,0.0,0.0,0.0,0.0,0.0,0.0
-128,pedestrian,4,1,45,239.644028,0.033473,-8.425978690942323,-0.012226730831930094,0.02620013749699306,-0.6486648301538565,-0.4716729046986038,1.0107276529255795,0.0,0.0,0.0,0.0,0.0,0.0,0.0
-128,pedestrian,4,1,46,239.677503,0.033475,-8.42635907812376,-0.011411615443134755,0.02445346166386019,-0.6633390983000352,-0.44022804438536356,0.9433458093972076,0.0,0.0,0.0,0.0,0.0,0.0,0.0
-128,pedestrian,4,1,47,239.710978,0.033475,-8.426714106159768,-0.010650841080259104,0.02282323088626951,-0.6770350819031354,-0.410879508093006,0.8804560887707271,0.0,0.0,0.0,0.0,0.0,0.0,0.0
-128,pedestrian,4,1,48,239.744452,0.033474,-8.427045465660042,-0.009940785008241831,0.02130168216051821,-0.6898179999326957,-0.3834875408868056,0.821759016186012,0.0,0.0,0.0,0.0,0.0,0.0,0.0
-128,pedestrian,4,1,49,239.777926,0.033474,-8.427354734526965,-0.009278066007692376,0.019881570016483663,-0.7017487234269518,-0.3579217048276852,0.7669750817736112,0.0,0.0,0.0,0.0,0.0,0.0,0.0
-128,pedestrian,4,1,50,239.811401,0.033475,-8.427643385469427,-0.008659528273846218,0.018556132015384752,-0.7128840653549242,-0.33406025783917287,0.7158434096553704,0.0,0.0,0.0,0.0,0.0,0.0,0.0
-128,pedestrian,4,1,51,239.844875,0.033474,-8.427912793015723,-0.008082226388923136,0.017319056547692436,-0.7232770511543651,-0.31178957398322804,0.6681205156783457,0.0,0.0,0.0,0.0,0.0,0.0,0.0
-128,pedestrian,4,1,52,239.878351,0.033476,-8.428164240058935,-0.00754341129632826,0.016164452777846273,-0.7329771712338433,-0.2910036023843462,0.6235791479664561,0.0,0.0,0.0,0.0,0.0,0.0,0.0
-128,pedestrian,4,1,53,239.911825,0.033474,-8.428398923965933,-0.007040517209906377,0.01508682259265652,-0.7420306166413563,-0.2716033622253898,0.5820072047686924,0.0,0.0,0.0,0.0,0.0,0.0,0.0
-128,pedestrian,4,1,54,239.945302,0.033477,-8.42861796227913,-0.006571149395912618,0.014081034419812753,-0.7504804990217018,-0.2534964714103638,0.5432067244507796,0.0,0.0,0.0,0.0,0.0,0.0,0.0
-128,pedestrian,4,1,55,239.978742,0.03344,-8.428822398038115,-0.006133072769518444,0.013142298791825236,-0.7583670559100242,-0.2365967066496729,0.5069929428207276,0.0,0.0,0.0,0.0,0.0,0.0,0.0
-128,pedestrian,4,1,56,240.012216,0.033474,-8.4290132047465,-0.005724201251550548,0.012266145539036887,-0.7657278423391252,-0.22082359287302802,0.4731934132993458,0.0,0.0,0.0,0.0,0.0,0.0,0.0
-128,pedestrian,4,1,57,240.045693,0.033477,-8.42919129100766,-0.005342587834780511,0.011448402503101095,-0.7725979096729527,-0.20610202001482616,0.44164718574605605,0.0,0.0,0.0,0.0,0.0,0.0,0.0
-128,pedestrian,4,1,58,240.079164,0.033471,-8.429357504851408,-0.004986415312461811,0.010685175669561023,-0.7790099725178584,-0.19236188534717108,0.41220404002965233,0.0,0.0,0.0,0.0,0.0,0.0,0.0
-128,pedestrian,4,1,59,240.112638,0.033474,-8.429512637772241,-0.004653987624964357,0.009972830624923622,-0.7849945645064371,-0.17953775965735969,0.38472377069434216,0.0,0.0,0.0,0.0,0.0,0.0,0.0
-128,pedestrian,4,1,60,240.146113,0.033475,-8.42965742849835,-0.004343721783300067,0.009307975249928714,-0.7905801836957772,-0.16756857568020236,0.35907551931471937,0.0,0.0,0.0,0.0,0.0,0.0,0.0
-128,pedestrian,4,1,61,240.179595,0.033482,-8.429792566509386,-0.004054140331080063,0.008687443566600134,-0.7957934282724947,-0.15639733730152222,0.33513715136040473,0.0,0.0,0.0,0.0,0.0,0.0,0.0
-128,pedestrian,4,1,62,240.213069,0.033474,-8.429918695319687,-0.003783864309008059,0.008108280662160126,-0.8006591232107643,-0.14597084814808742,0.31279467460304444,0.0,0.0,0.0,0.0,0.0,0.0,0.0
-128,pedestrian,4,1,63,240.246544,0.033475,-8.430036415542634,-0.0035316066884075216,0.0075677286180161184,-0.8052004384864826,-0.13623945827154826,0.29194169629617484,0.0,0.0,0.0,0.0,0.0,0.0,0.0
-128,pedestrian,4,1,64,240.280018,0.033474,-8.430146287750718,-0.0032961662425136868,0.007063213376815043,-0.8094389994104864,-0.12715682772011172,0.2724789165430965,0.0,0.0,0.0,0.0,0.0,0.0,0.0
-128,pedestrian,4,1,65,240.313493,0.033475,-8.43024883514493,-0.0030764218263461076,0.0065923324850273735,-0.8133949896062231,-0.11867970587210427,0.25431365544022344,0.0,0.0,0.0,0.0,0.0,0.0,0.0
-128,pedestrian,4,1,66,240.346968,0.033475,-8.430344546046195,-0.002871327037923034,0.006152843652692215,-0.8170872471222441,-0.11076772548063066,0.23735941174420855,0.0,0.0,0.0,0.0,0.0,0.0,0.0
-128,pedestrian,4,1,67,240.380445,0.033477,-8.430433876220707,-0.002679905235394832,0.005742654075846068,-0.8205333541371971,-0.10338321044858861,0.22153545096126132,0.0,0.0,0.0,0.0,0.0,0.0,0.0
-128,pedestrian,4,1,68,240.41392,0.033475,-8.430517251050253,-0.00250124488636851,0.005359810470789664,-0.8237497206844865,-0.09649099641868271,0.20676642089717723,0.0,0.0,0.0,0.0,0.0,0.0,0.0
-128,pedestrian,4,1,69,240.447395,0.033475,-8.430595067557828,-0.002334495227277276,0.00500248977273702,-0.82675166279529,-0.09005826332410387,0.19298199283736542,0.0,0.0,0.0,0.0,0.0,0.0,0.0
-128,pedestrian,4,1,70,240.480874,0.033479,-8.430667696298233,-0.0021788622121254576,0.004668990454554552,-0.8295534754320399,-0.08405437910249694,0.18011652664820774,0.0,0.0,0.0,0.0,0.0,0.0,0.0
-128,pedestrian,4,1,71,240.514348,0.033474,-8.43073548312261,-0.0020336047313170937,0.004357724424250915,-0.8321685005596732,-0.07845075382899715,0.16810875820499388,0.0,0.0,0.0,0.0,0.0,0.0,0.0
-128,pedestrian,4,1,72,240.547823,0.033475,-8.430798750825362,-0.001898031082562621,0.0040672094626341875,-0.8346091906787976,-0.07322070357373067,0.1569015076579943,0.0,0.0,0.0,0.0,0.0,0.0,0.0
-128,pedestrian,4,1,73,240.581297,0.033474,-8.430857800681265,-0.001771495677058446,0.0037960621651252423,-0.8368871681233137,-0.06833932333548196,0.14644140714746134,0.0,0.0,0.0,0.0,0.0,0.0,0.0
-128,pedestrian,4,1,74,240.614771,0.033474,-8.430912913880107,-0.0016533959652545497,0.003542991354116892,-0.839013280404862,-0.06378336844644983,0.1366786466709639,0.0,0.0,0.0,0.0,0.0,0.0,0.0
-128,pedestrian,4,1,75,240.648244,0.033473,-8.430964352865693,-0.001543169567570913,0.0033067919305090994,-0.8409976518676404,-0.05953114388335318,0.12756673689289966,0.0,0.0,0.0,0.0,0.0,0.0,0.0
-128,pedestrian,4,1,76,240.681719,0.033475,-8.431012362585573,-0.001440291596399519,0.003086339135141826,-0.8428497318995669,-0.0555624009577963,0.11906228776670635,0.0,0.0,0.0,0.0,0.0,0.0,0.0
-128,pedestrian,4,1,77,240.715194,0.033475,-8.43105717165746,-0.001344272156639551,0.002880583192799038,-0.844578339929365,-0.05185824089394321,0.1111248019155926,0.0,0.0,0.0,0.0,0.0,0.0,0.0
-128,pedestrian,4,1,78,240.748669,0.033475,-8.431098993457889,-0.0012546540128635809,0.002688544313279102,-0.8461917074238433,-0.048401024834346995,0.10371648178788642,0.0,0.0,0.0,0.0,0.0,0.0,0.0
-128,pedestrian,4,1,79,240.782144,0.033475,-8.431138027138289,-0.0011710104120060088,0.0025093080257271617,-0.8476975170853563,-0.04517428984539053,0.09680204966869399,0.0,0.0,0.0,0.0,0.0,0.0,0.0
-128,pedestrian,4,1,80,240.815618,0.033474,-8.431174458573329,-0.0010929430512056082,0.0023420208240120177,-0.8491029394361018,-0.04216267052236449,0.09034857969078106,0.0,0.0,0.0,0.0,0.0,0.0,0.0
-128,pedestrian,4,1,81,240.849092,0.033474,-8.431208461246033,-0.0010200801811252344,0.0021858861024112164,-0.8504146669634642,-0.03935182582087353,0.08432534104472898,0.0,0.0,0.0,0.0,0.0,0.0,0.0
-128,pedestrian,4,1,82,240.882566,0.033474,-8.43124019707389,-0.0009520748357168855,0.002040160362250469,-0.8516389459890025,-0.03672837076614863,0.07870365164174706,0.0,0.0,0.0,0.0,0.0,0.0,0.0
-128,pedestrian,4,1,83,240.91604,0.033474,-8.43126981717989,-0.0008886031800024264,0.0019041496714337712,-0.8527816064128382,-0.03427981271507205,0.07345674153229725,0.0,0.0,0.0,0.0,0.0,0.0,0.0
-128,pedestrian,4,1,84,240.949515,0.033475,-8.431297462612157,-0.0008293629680022647,0.001777206360004853,-0.8538480894750848,-0.03199449186740058,0.0685596254301441,0.0,0.0,0.0,0.0,0.0,0.0,0.0
-128,pedestrian,4,1,85,240.982989,0.033474,-8.431323265015607,-0.0007740721034687803,0.0016587259360045293,-0.854843473666515,-0.029861525742907208,0.06398898373480116,0.0,0.0,0.0,0.0,0.0,0.0,0.0
-128,pedestrian,4,1,86,241.016463,0.033474,-8.431347347258825,-0.0007224672965708616,0.0015481442069375606,-0.8557724989118499,-0.027870757360046728,0.059723051485814416,0.0,0.0,0.0,0.0,0.0,0.0,0.0
-128,pedestrian,4,1,87,241.049937,0.033474,-8.431369824019162,-0.0006743028101328042,0.0014449345931417232,-0.8566395891408292,-0.026012706869376945,0.055741514720093456,0.0,0.0,0.0,0.0,0.0,0.0,0.0
-128,pedestrian,4,1,88,241.083411,0.033474,-8.431390802328812,-0.0006293492894572838,0.0013486056202656083,-0.8574488733545431,-0.024278526411418484,0.05202541373875389,0.0,0.0,0.0,0.0,0.0,0.0,0.0
-128,pedestrian,4,1,89,241.116885,0.033474,-8.431410382084485,-0.0005873926701601315,0.0012586985789145677,-0.8582042052873428,-0.022659957983990585,0.04855705282283697,0.0,0.0,0.0,0.0,0.0,0.0,0.0
-128,pedestrian,4,1,90,241.15036,0.033475,-8.431428656523112,-0.0005482331588161228,0.001174785340320263,-0.8589091817579558,-0.021149294118391213,0.04531991596798117,0.0,0.0,0.0,0.0,0.0,0.0,0.0
-128,pedestrian,4,1,91,241.183834,0.033474,-8.43144571266583,-0.0005116842815617146,0.0010964663176322455,-0.8595671597971947,-0.01973934117716513,0.042298588236782425,0.0,0.0,0.0,0.0,0.0,0.0,0.0
