id,agent_type,type,sim_state,tick_count,sim_time,delta_time,x,x_vel,x_acc,y,y_vel,y_acc,s,s_vel,s_acc,d,d_vel,d_acc,yaw
6,pedestrian,1,2,1,0.0,0.0,-4.971744806156494,1.0045738888224809,0,-1.1240123575553298,1.236460397360852,0,0.0,0.0,0.0,0.0,0.0,0.0,201.95043404976127
6,pedestrian,1,2,2,0.033465,0.033465,-5.021891661701477,1.1202104416699954,0,-1.1440711014020433,1.132452372182995,0,0.0,0.0,0.0,0.0,0.0,0.0,201.85276196911255
6,pedestrian,1,2,3,0.071803,0.038338,-5.079342132212583,1.2314972780353932,0,-1.1685707545835482,1.0089246489742159,0,0.0,0.0,0.0,0.0,0.0,0.0,201.74829913470327
6,pedestrian,1,2,4,0.105272,0.033469,-5.129494978171846,1.3137849251616427,0,-1.1971124277901222,0.8991390483583973,0,0.0,0.0,0.0,0.0,0.0,0.0,201.66209274315517
6,pedestrian,1,2,5,0.138757,0.033485,-5.178086590425405,1.3764130028786865,0,-1.2171832517234136,0.8019234463439787,0,0.0,0.0,0.0,0.0,0.0,0.0,201.58947063882886
6,pedestrian,1,2,6,0.172208,0.033451,-5.21979917087794,1.3858127046045434,0,-1.2372341049364441,0.7852854288386728,0,0.0,0.0,0.0,0.0,0.0,0.0,201.5774721295428
6,pedestrian,1,2,7,0.20567,0.033462,-5.269941527066279,1.4411868070969533,0,-1.257291047757522,0.6799730949539683,0,0.0,0.0,0.0,0.0,0.0,0.0,201.50277554950003
6,pedestrian,1,2,8,0.239143,0.033473,-5.320100617262135,1.488358791947248,0,-1.277354683306443,0.5722846466979348,0,0.0,0.0,0.0,0.0,0.0,0.0,201.42901154676252
6,pedestrian,1,2,9,0.272616,0.033473,-5.3702607051179125,1.5250686462809797,0,-1.2991218976631806,0.47021907706307037,0,0.0,0.0,0.0,0.0,0.0,0.0,201.36101232518007
6,pedestrian,1,2,10,0.30609,0.033474,-5.420421042623462,1.5529042995110554,0,-1.327482852949097,0.3748302855974498,0,0.0,0.0,0.0,0.0,0.0,0.0,201.29877908397094
6,pedestrian,1,2,11,0.339563,0.033473,-5.468813078622913,1.5733551171839006,0,-1.3475464962265757,0.2869153682421851,0,0.0,0.0,0.0,0.0,0.0,0.0,201.2423134398273
6,pedestrian,1,2,12,0.373034,0.033471,-5.510737223119815,1.5877010660156279,0,-1.3676093249292116,0.20871751236262037,0,0.0,0.0,0.0,0.0,0.0,0.0,201.19264615202786
6,pedestrian,1,2,13,0.406507,0.033473,-5.560896063056553,1.596996338252145,0,-1.3876728614143063,0.14488193030543514,0,0.0,0.0,0.0,0.0,0.0,0.0,201.15241169464932
6,pedestrian,1,2,14,0.43998,0.033473,-5.611055181397752,1.6039112986211788,0,-1.407736509928178,0.08408047282370558,0,0.0,0.0,0.0,0.0,0.0,0.0,201.11431079441323
6,pedestrian,1,2,15,0.473458,0.033478,-5.6612227328335525,1.6066888984376093,0,-1.4278035302408847,0.038011146237473974,0,0.0,0.0,0.0,0.0,0.0,0.0,201.08556690474057
6,pedestrian,1,2,16,0.506931,0.033473,-5.711381572636396,1.602684616533134,0,-1.4478670663760251,-0.004640769816080197,0,0.0,0.0,0.0,0.0,0.0,0.0,201.05903659089122
6,pedestrian,1,2,17,0.540404,0.033473,-5.761540706143116,1.603925671336919,0,-1.4679307191885742,-0.030503831403893674,0,0.0,0.0,0.0,0.0,0.0,0.0,201.04291567854432
6,pedestrian,1,2,18,0.573876,0.033472,-5.811699251946909,1.6052308892779235,0,-1.4899850262941472,-0.04532490182396025,0,0.0,0.0,0.0,0.0,0.0,0.0,201.03370157755197
6,pedestrian,1,2,19,0.607349,0.033473,-5.861858091587304,1.6069915918658788,0,-1.518057672481956,-0.04537461658616257,0,0.0,0.0,0.0,0.0,0.0,0.0,201.03370157755197
6,pedestrian,1,2,20,0.640824,0.033475,-5.912020235600524,1.6089997401150093,0,-1.5381225307665984,-0.041635663880845955,0,0.0,0.0,0.0,0.0,0.0,0.0,201.0360565326567
6,pedestrian,1,2,21,0.6743,0.033476,-5.960096770569376,1.61144506741453,0,-1.5581883416734494,-0.019304013778876538,0,0.0,0.0,0.0,0.0,0.0,0.0,201.04994605662856
6,pedestrian,1,2,22,0.707751,0.033451,-6.002310634452157,1.6137312756139128,0,-1.578238691649573,0.017748146464037245,0,0.0,0.0,0.0,0.0,0.0,0.0,201.0729220643067
6,pedestrian,1,2,23,0.741221,0.03347,-6.0524652990334005,1.6151191399544595,0,-1.5983005570271105,0.058892164473657624,0,0.0,0.0,0.0,0.0,0.0,0.0,201.0983682257332
6,pedestrian,1,2,24,0.774689,0.033468,-6.1026178237252005,1.6156777346105902,0,-1.618361567573703,0.1026444265631364,0,0.0,0.0,0.0,0.0,0.0,0.0,201.12537482477288
6,pedestrian,1,2,25,0.808118,0.033429,-6.152710730315529,1.6171433356103768,0,-1.6383987290672066,0.11704510641960778,0,0.0,0.0,0.0,0.0,0.0,0.0,201.1341710413981
6,pedestrian,1,2,26,0.841591,0.033473,-6.2028699031037,1.6135469915463747,0,-1.6562373789026998,0.1843576245852482,0,0.0,0.0,0.0,0.0,0.0,0.0,201.17568060847927
6,pedestrian,1,2,27,0.875064,0.033473,-6.25528692826853,1.6057184789763643,0,-1.6685263996621844,0.26084521860770193,0,0.0,0.0,0.0,0.0,0.0,0.0,201.22295709097844
6,pedestrian,1,2,28,0.908538,0.033474,-6.3131902457216,1.591808600727704,0,-1.6885905358793827,0.34827539684837777,0,0.0,0.0,0.0,0.0,0.0,0.0,201.27731175468398
6,pedestrian,1,2,29,0.942011,0.033473,-6.363349432778438,1.56945609659389,0,-1.708654210158608,0.44896702570769564,0,0.0,0.0,0.0,0.0,0.0,0.0,201.34053776895323
6,pedestrian,1,2,30,0.975485,0.033474,-6.413510922208459,1.5407277762748164,0,-1.7287188051554552,0.5482270617195133,0,0.0,0.0,0.0,0.0,0.0,0.0,201.403766684151
6,pedestrian,1,2,31,1.008958,0.033473,-6.463669761882735,1.503726845514894,0,-1.748782342672298,0.6496603573498532,0,0.0,0.0,0.0,0.0,0.0,0.0,201.4697252585832
6,pedestrian,1,2,32,1.042431,0.033473,-6.5138289636970494,1.4536218513100059,0,-1.7688460233664005,0.7614612963889523,0,0.0,0.0,0.0,0.0,0.0,0.0,201.5444469332194
6,pedestrian,1,2,33,1.075904,0.033473,-6.563988939401539,1.3952135851037857,0,-1.7889100140060625,0.8694079480128931,0,0.0,0.0,0.0,0.0,0.0,0.0,201.61916976112707
6,pedestrian,1,2,34,1.109376,0.033472,-6.616626575880318,1.3272635458259032,0,-1.8064926530353391,0.9746513429073523,0,0.0,0.0,0.0,0.0,0.0,0.0,201.6953097682762
6,pedestrian,1,2,35,1.142849,0.033473,-6.674305496285223,1.2467489807980918,0,-1.8190366345300475,1.0800265105042672,0,0.0,0.0,0.0,0.0,0.0,0.0,201.77577928694993
6,pedestrian,1,2,36,1.176322,0.033473,-6.724465457371098,1.1578097548625679,0,-1.8391006201235256,1.1786952481403272,0,0.0,0.0,0.0,0.0,0.0,0.0,201.85625000178499
6,pedestrian,1,2,37,1.209793,0.033471,-6.774621300274033,1.061023392156907,0,-1.8591629569545307,1.2699772752956848,0,0.0,0.0,0.0,0.0,0.0,0.0,201.9367141085526
6,pedestrian,1,2,38,1.243265,0.033472,-6.8273858771339375,0.9569964071041733,0,-1.8766192046513217,1.3532534960616502,0,0.0,0.0,0.0,0.0,0.0,0.0,202.01718124599915
6,pedestrian,1,2,39,1.276736,0.033471,-6.884935982552018,0.855254509452261,0,-1.8892888300867519,1.4231877982873087,0,0.0,0.0,0.0,0.0,0.0,0.0,202.09160073996662
6,pedestrian,1,2,40,1.310207,0.033471,-6.93509182540771,0.7754629464928077,0,-1.9093511673635315,1.4709101359138768,0,0.0,0.0,0.0,0.0,0.0,0.0,202.14754564616945
6,pedestrian,1,2,41,1.343679,0.033472,-6.987950524589644,0.6968703101715793,0,-1.929414265494505,1.511928529709095,0,0.0,0.0,0.0,0.0,0.0,0.0,202.20082206689932
6,pedestrian,1,2,42,1.37715,0.033471,-7.045406507673568,0.6194107981581325,0,-1.946744699736717,1.5477307974373982,0,0.0,0.0,0.0,0.0,0.0,0.0,202.25203561944565
6,pedestrian,1,2,43,1.410619,0.033469,-7.095559353378358,0.553681334976523,0,-1.9595381776178504,1.5738188714681587,0,0.0,0.0,0.0,0.0,0.0,0.0,202.2944333286308
6,pedestrian,1,2,44,1.444096,0.033477,-7.148520565797408,0.45355704526797547,0,-1.9796042788389367,1.6071932924521601,0,0.0,0.0,0.0,0.0,0.0,0.0,202.35766698803894
6,pedestrian,1,2,45,1.477568,0.033472,-7.205883026270968,0.39115798371779886,0,-1.99966764689431,1.6255669695694175,0,0.0,0.0,0.0,0.0,0.0,0.0,202.39659022504586
6,pedestrian,1,2,46,1.51104,0.033472,-7.256040367804314,0.4287326771332066,0,-2.016871471315373,1.6173148543026274,0,0.0,0.0,0.0,0.0,0.0,0.0,202.37359979339948
6,pedestrian,1,2,47,1.544542,0.033502,-7.309142755860414,0.4634409517161988,0,-2.0298116753992206,1.6087687856825723,0,0.0,0.0,0.0,0.0,0.0,0.0,202.35224993876568
6,pedestrian,1,2,48,1.578052,0.03351,-7.3664584446049455,0.49405819692620556,0,-2.049897814244413,1.6004052317101347,0,0.0,0.0,0.0,0.0,0.0,0.0,202.33330111501954
6,pedestrian,1,2,49,1.611537,0.033485,-7.416635266286673,0.5282216606829011,0,-2.0699685432945634,1.5901303556262985,0,0.0,0.0,0.0,0.0,0.0,0.0,202.31200807534873
6,pedestrian,1,2,50,1.645007,0.03347,-7.466790061067821,0.5557134688830295,0,-2.0900304612257528,1.5812283423489453,0,0.0,0.0,0.0,0.0,0.0,0.0,202.29476612688862
6,pedestrian,1,2,51,1.678463,0.033456,-7.5199604077342554,0.5830053759176107,0,-2.110084225563303,1.5717501353891483,0,0.0,0.0,0.0,0.0,0.0,0.0,202.27753118528844
6,pedestrian,1,2,52,1.711935,0.033472,-7.577081815552056,0.6073658756127258,0,-2.130147162483316,1.5627733182680152,0,0.0,0.0,0.0,0.0,0.0,0.0,202.26204585339684
6,pedestrian,1,2,53,1.745409,0.033474,-7.62724261833716,0.6253161539584675,0,-2.150211483978688,1.5557514058874273,0,0.0,0.0,0.0,0.0,0.0,0.0,202.2505498442704
6,pedestrian,1,2,54,1.77888,0.033471,-7.680530432227321,0.6431370435718065,0,-2.170274234821003,1.5484108319804182,0,0.0,0.0,0.0,0.0,0.0,0.0,202.2390547348948
6,pedestrian,1,2,55,1.812353,0.033473,-7.7375583339016885,0.6608394401243972,0,-2.190337770495911,1.5407887696458888,0,0.0,0.0,0.0,0.0,0.0,0.0,202.22755917564382
6,pedestrian,1,2,56,1.845831,0.033478,-7.787725145648671,0.6728120876927106,0,-2.2104044953542696,1.535382388658312,0,0.0,0.0,0.0,0.0,0.0,0.0,202.21972421347274
6,pedestrian,1,2,57,1.879301,0.03347,-7.837880508859147,0.6755238941783434,0,-2.2304666410085163,1.5338507890427062,0,0.0,0.0,0.0,0.0,0.0,0.0,202.21787519811687
6,pedestrian,1,2,58,1.912773,0.033472,-7.888037849754824,0.6813155267055067,0,-2.250529576994276,1.5308673811300086,0,0.0,0.0,0.0,0.0,0.0,0.0,202.21399463552146
6,pedestrian,1,2,59,1.946245,0.033472,-7.941485859393164,0.6782386406416361,0,-2.270592710191386,1.531718839066999,0,0.0,0.0,0.0,0.0,0.0,0.0,202.2158797672948
6,pedestrian,1,2,60,1.979717,0.033472,-7.998354029856081,0.6604093357140073,0,-2.290656048360394,1.538834702864291,0,0.0,0.0,0.0,0.0,0.0,0.0,202.22733732127534
6,pedestrian,1,2,61,2.013189,0.033472,-8.04851137091188,0.6276565265585321,0,-2.3107189849707575,1.551946534640473,0,0.0,0.0,0.0,0.0,0.0,0.0,202.2484064460108
6,pedestrian,1,2,62,2.046663,0.033474,-8.098672216670243,0.5975537882238339,0,-2.3341688063747745,1.563130867079209,0,0.0,0.0,0.0,0.0,0.0,0.0,202.26759021286182
6,pedestrian,1,2,63,2.080135,0.033472,-8.14883054859914,0.5581546828803142,0,-2.3608466561171775,1.5769283236081577,0,0.0,0.0,0.0,0.0,0.0,0.0,202.2925389808033
6,pedestrian,1,2,64,2.113609,0.033474,-8.198990886810183,0.5092470174287804,0,-2.3809107893741395,1.592649657975921,0,0.0,0.0,0.0,0.0,0.0,0.0,202.32325499286168
6,pedestrian,1,2,65,2.147083,0.033474,-8.249151746377606,0.45062554057288706,0,-2.404456522566114,1.609477510232361,0,0.0,0.0,0.0,0.0,0.0,0.0,202.35973774810952
6,pedestrian,1,2,66,2.180556,0.033473,-8.299311563145991,0.38209525514311093,0,-2.4310390624317977,1.626432076244534,0,0.0,0.0,0.0,0.0,0.0,0.0,202.401985991161
6,pedestrian,1,2,67,2.214029,0.033473,-8.349470403005334,0.30013352025377626,0,-2.4511025987464365,1.6428194572798127,0,0.0,0.0,0.0,0.0,0.0,0.0,202.45203063578847
6,pedestrian,1,2,68,2.247506,0.033477,-8.399635772808303,0.2017801277612529,0,-2.474746940405085,1.6571428549654066,0,0.0,0.0,0.0,0.0,0.0,0.0,202.5115660688095
6,pedestrian,1,2,69,2.28098,0.033474,-8.449797073184406,0.09318414577915099,0,-2.5012332665112043,1.6661009723217513,0,0.0,0.0,0.0,0.0,0.0,0.0,202.5768633839714
6,pedestrian,1,2,70,2.314454,0.033474,-8.49995741160948,-0.028811864218235703,0,-2.5249399214075696,1.6676035957093975,0,0.0,0.0,0.0,0.0,0.0,0.0,202.65001282170766
6,pedestrian,1,2,71,2.347927,0.033473,-8.55011680130575,-0.16618994901515677,0,-2.555035556116848,1.658868424750184,0,0.0,0.0,0.0,0.0,0.0,0.0,202.7325878953887
6,pedestrian,1,2,72,2.3814,0.033473,-8.600276588700845,-0.31520760635198247,0,-2.581425072598261,1.636221032976714,0,0.0,0.0,0.0,0.0,0.0,0.0,202.82305339084962
6,pedestrian,1,2,73,2.414873,0.033473,-8.65043542799234,-0.4732120091587381,0,-2.605226733085606,1.5972687100773948,0,0.0,0.0,0.0,0.0,0.0,0.0,202.92076564448314
6,pedestrian,1,2,74,2.448347,0.033474,-8.700596331655174,-0.633120150973979,0,-2.63155296968048,1.5399774801296873,0,0.0,0.0,0.0,0.0,0.0,0.0,203.0228023692519
6,pedestrian,1,2,75,2.481819,0.033472,-8.750754605847641,-0.8000827191520647,0,-2.655418238553985,1.4595352419613938,0,0.0,0.0,0.0,0.0,0.0,0.0,203.13418731468064
6,pedestrian,1,2,76,2.515292,0.033473,-8.797079717517613,-0.9676734866064327,0,-2.685513543493084,1.3532059324771317,0,0.0,0.0,0.0,0.0,0.0,0.0,203.2535360358
6,pedestrian,1,2,77,2.548766,0.033474,-8.841074362798873,-1.130440965535121,0,-2.711744182704585,1.2201681588221198,0,0.0,0.0,0.0,0.0,0.0,0.0,203.37999242569467
6,pedestrian,1,2,78,2.582238,0.033472,-8.891232622642168,-1.2794550723432663,0,-2.735705049529796,1.0616694244594855,0,0.0,0.0,0.0,0.0,0.0,0.0,203.51090839576196
6,pedestrian,1,2,79,2.615711,0.033473,-8.941391462327102,-1.4148902285613991,0,-2.7658003539005622,0.8722392533456884,0,0.0,0.0,0.0,0.0,0.0,0.0,203.65110644781512
6,pedestrian,1,2,80,2.649185,0.033474,-8.991552394364724,-1.5263175291466704,0,-2.791935395377554,0.6569983348163392,0,0.0,0.0,0.0,0.0,0.0,0.0,203.79707671437362
