id,agent_type,type,sim_state,tick_count,sim_time,delta_time,x,x_vel,x_acc,y,y_vel,y_acc,s,s_vel,s_acc,d,d_vel,d_acc,yaw
-90,pedestrian,4,1,1,206.139267,0.0,-10.96276108575761,1.1695116232821063,-3.360922309436601,12.750325184126126,0.7301263454385747,1.4273344617672652,0.0,0.0,0.0,0.0,0.0,0.0,0.0
-90,pedestrian,4,1,2,206.172687,0.03342,-10.927367796108053,1.0617986894867129,-3.2313880138618045,12.776110976838327,0.7735737813660206,1.3034230778233769,0.0,0.0,0.0,0.0,0.0,0.0,0.0
-90,pedestrian,4,1,3,206.20623899999998,0.033552,-10.895424439400403,0.9583007012294968,-3.1049396477164817,12.803214768958107,0.8131137635934157,1.186199466821851,0.0,0.0,0.0,0.0,0.0,0.0,0.0
-90,pedestrian,4,1,4,206.239678,0.033439,-10.866794196396006,0.8589072901319097,-2.9818023329276153,12.831513609190507,0.8489652069720359,1.0755433013586078,0.0,0.0,0.0,0.0,0.0,0.0,0.0
-90,pedestrian,4,1,5,206.273497,0.033819,-10.841344140103741,0.763501688767923,-2.8621680409196,12.86089164724894,0.8813411417529813,0.9712780434283615,0.0,0.0,0.0,0.0,0.0,0.0,0.0
-90,pedestrian,4,1,6,206.30693699999998,0.03344,-10.818945410690825,0.6719618823875009,-2.7461941914126653,12.891239890031384,0.9104472834733431,0.8731842516108554,0.0,0.0,0.0,0.0,0.0,0.0,0.0
-90,pedestrian,4,1,7,206.34052,0.033583,-10.799473352578087,0.584161743382162,-2.6340041701601673,12.922455922514802,0.9364809745025077,0.7810107308749372,0.0,0.0,0.0,0.0,0.0,0.0,0.0
-90,pedestrian,4,1,8,206.37742799999998,0.036908,-10.78280761570397,0.4999721062235135,-2.525689114759454,12.954443603558522,0.9596304313116251,0.6944837042735225,0.0,0.0,0.0,0.0,0.0,0.0,0.0
-90,pedestrian,4,1,9,206.410847,0.033419,-10.768832223812149,0.41926175675463884,-2.42131048406624,12.987112744845493,0.9800742386091471,0.6133142189256608,0.0,0.0,0.0,0.0,0.0,0.0,0.0
-90,pedestrian,4,1,10,206.44425999999999,0.033413,-10.757435613100917,0.3418983213369808,-2.320903062529742,13.020378779487777,0.9979810392685132,0.5372040197809844,0.0,0.0,0.0,0.0,0.0,0.0,0.0
-90,pedestrian,4,1,11,206.477691,0.033431,-10.74851064478186,0.2677490495717342,-2.224478152957398,13.054162425330347,1.0135093752771014,0.46585008025764246,0.0,0.0,0.0,0.0,0.0,0.0,0.0
-90,pedestrian,4,1,12,206.511156,0.033465,-10.741954595122339,0.19668148978560837,-2.132026793583774,13.088389346745421,1.026807642452256,0.39894801525463874,0.0,0.0,0.0,0.0,0.0,0.0,0.0
-90,pedestrian,4,1,13,206.54464299999998,0.033487,-10.737669126452186,0.1285640601045737,-2.0435228904310403,13.12298981762384,1.0380141263525227,0.33619451700799685,0.0,0.0,0.0,0.0,0.0,0.0,0.0
-90,pedestrian,4,1,14,206.578136,0.033493,-10.735560242450157,0.06326652006085991,-1.9589262013114135,13.157898387348547,1.0472570917412536,0.2772889616619279,0.0,0.0,0.0,0.0,0.0,0.0,0.0
-90,pedestrian,4,1,15,206.611587,0.033451,-10.735538230823966,0.0006603487857396173,-1.8781851382536088,13.193053550732802,1.054654901527662,0.2219342935922536,0.0,0.0,0.0,0.0,0.0,0.0,0.0
-90,pedestrian,4,1,16,206.64504399999998,0.033457,-10.73751759628363,-0.05938096378990126,-1.8012393772692263,13.228397422191222,1.0603161437525959,0.16983726674801436,0.0,0.0,0.0,0.0,0.0,0.0,0.0
-90,pedestrian,4,1,17,206.67852299999998,0.033479,-10.74141698649959,-0.1169817064788575,-1.7280222806686873,13.263875413754377,1.0643397468946703,0.12070809426223411,0.0,0.0,0.0,0.0,0.0,0.0,0.0
-90,pedestrian,4,1,18,206.711954,0.033431,-10.747159113546934,-0.17226381142029698,-1.6584631482431844,13.299435915902919,1.066815064456246,0.07425952684727331,0.0,0.0,0.0,0.0,0.0,0.0,0.0
-90,pedestrian,4,1,19,206.745423,0.033469,-10.754670673174262,-0.2253467888198405,-1.5924893219863057,13.335029979549724,1.067821909404129,0.03020534843649175,0.0,0.0,0.0,0.0,0.0,0.0,0.0
-90,pedestrian,4,1,20,206.778909,0.033486,-10.763882264107412,-0.276347727994514,-1.5300281752402063,13.370610996796335,1.0674305173983765,-0.011741760172578521,0.0,0.0,0.0,0.0,0.0,0.0,0.0
-90,pedestrian,4,1,21,206.81237199999998,0.033463,-10.77472830950955,-0.3253813620641338,-1.471009022088594,13.406134377282612,1.0657014145883061,-0.0518730843021072,0.0,0.0,0.0,0.0,0.0,0.0,0.0
-90,pedestrian,4,1,22,206.84584099999998,0.033469,-10.787146982674841,-0.3725601949587134,-1.4153649868373874,13.441557215970748,1.062685160644099,-0.09048761832621431,0.0,0.0,0.0,0.0,0.0,0.0,0.0
-90,pedestrian,4,1,23,206.879314,0.033473,-10.801080139036653,-0.4179946908543386,-1.3630348768687564,13.476837946969308,1.058421929956791,-0.12789692061923963,0.0,0.0,0.0,0.0,0.0,0.0,0.0
-90,pedestrian,4,1,24,206.912792,0.033478,-10.816473256625056,-0.461793527652056,-1.3139651039315225,13.511935976386908,1.0529408825279967,-0.1644314228638283,0.0,0.0,0.0,0.0,0.0,0.0,0.0
-90,pedestrian,4,1,25,206.94625,0.033458,-10.833275387211623,-0.5040639175970478,-1.2681116983497551,13.546811285033108,1.046259259386002,-0.20044869425983758,0.0,0.0,0.0,0.0,0.0,0.0,0.0
-90,pedestrian,4,1,26,206.979697,0.033447,-10.851439120524416,-0.5449119993837702,-1.2254424536016721,13.581423988796193,1.0383811128925209,-0.2363443948044322,0.0,0.0,0.0,0.0,0.0,0.0,0.0
-90,pedestrian,4,1,27,207.01315699999998,0.03346,-10.870920564079475,-0.5844433066517721,-1.1859392180400576,13.615733840331258,1.029295546051933,-0.2725670052176376,0.0,0.0,0.0,0.0,0.0,0.0,0.0
-90,pedestrian,4,1,28,207.046773,0.033616,-10.891679341303078,-0.6227633167080878,-1.149600301689472,13.6496996496819,1.0189742805192579,-0.30963796598025767,0.0,0.0,0.0,0.0,0.0,0.0,0.0
-90,pedestrian,4,1,29,207.080252,0.033479,-10.913678610590122,-0.6599780786113293,-1.1164428570972453,13.683278592677489,1.0073682898676717,-0.34817971954758725,0.0,0.0,0.0,0.0,0.0,0.0,0.0
-90,pedestrian,4,1,30,207.113711,0.033459,-10.936885107499148,-0.6961949072707865,-1.086504859783716,13.716425362849376,0.994403105156623,-0.38895554133146,0.0,0.0,0.0,0.0,0.0,0.0,0.0
-90,pedestrian,4,1,31,207.147157,0.033446,-10.961269210869851,-0.7315231011210807,-1.0598458155088257,13.749091102631441,0.97997219346192,-0.43292735084109113,0.0,0.0,0.0,0.0,0.0,0.0,0.0
-90,pedestrian,4,1,32,207.18064999999999,0.033493,-10.984027707350144,-0.6827548944087851,1.463046201368866,13.779579126429725,0.9146407139485415,-1.9599443854013554,0.0,0.0,0.0,0.0,0.0,0.0,0.0
-90,pedestrian,4,1,33,207.214136,0.033486,-11.005268970732688,-0.6372379014763031,1.3655097879744604,13.808034615309765,0.8536646664012111,-1.829281426419913,0.0,0.0,0.0,0.0,0.0,0.0,0.0
-90,pedestrian,4,1,34,207.247585,0.033449,-11.025094149890627,-0.5947553747381878,1.2744758021434575,13.834593071599384,0.7967536886885662,-1.7073293313793463,0.0,0.0,0.0,0.0,0.0,0.0,0.0
-90,pedestrian,4,1,35,207.28106599999998,0.033481,-11.043597650438903,-0.5551050164482944,1.1895107486968055,13.859380964137893,0.7436367761552379,-1.593507375999849,0.0,0.0,0.0,0.0,0.0,0.0,0.0
-90,pedestrian,4,1,36,207.31452,0.033454,-11.060867584284802,-0.5180980153769551,1.1102100321401778,13.88251633050866,0.6940609911230207,-1.487273550966517,0.0,0.0,0.0,0.0,0.0,0.0,0.0
-90,pedestrian,4,1,37,207.347995,0.033475,-11.076986189208457,-0.4835581477096198,1.036196030020059,13.904109339122828,0.6477902584250499,-1.388121980939125,0.0,0.0,0.0,0.0,0.0,0.0,0.0
-90,pedestrian,4,1,38,207.381432,0.033437,-11.092030220471326,-0.4513209378860591,0.9671162947068213,13.9242628138308,0.6046042412391813,-1.2955805155760562,0.0,0.0,0.0,0.0,0.0,0.0,0.0
-90,pedestrian,4,1,39,207.414908,0.033476,-11.106071316317443,-0.4212328753835049,0.9026418750766262,13.943072723559633,0.5642972918649629,-1.2092084812265516,0.0,0.0,0.0,0.0,0.0,0.0,0.0
-90,pedestrian,4,1,40,207.448346,0.033438,-11.119176339107902,-0.3931506837137858,0.8424657500915734,13.960628639307899,0.5266774724479898,-1.1285945825091945,0.0,0.0,0.0,0.0,0.0,0.0,0.0
-90,pedestrian,4,1,41,207.48179,0.033444,-11.131407693713063,-0.36694063815484107,0.7863013667683415,13.977014160674276,0.4915656409913264,-1.0533549436999023,0.0,0.0,0.0,0.0,0.0,0.0,0.0
-90,pedestrian,4,1,42,207.51520499999998,0.033415,-11.142823624678599,-0.34247792896606316,0.7338812756633378,13.992307313950871,0.45879459829785174,-0.9831312808042401,0.0,0.0,0.0,0.0,0.0,0.0,0.0
-90,pedestrian,4,1,43,207.548648,0.033443,-11.153478493580469,-0.31964606705610255,0.6849558572988185,14.006580923676983,0.42820829178335074,-0.917589195435031,0.0,0.0,0.0,0.0,0.0,0.0,0.0
-90,pedestrian,4,1,44,207.582055,0.033407,-11.163423037889572,-0.298336329273112,0.6392921334897175,14.019902959422629,0.3996610723693328,-0.8564165824205383,0.0,0.0,0.0,0.0,0.0,0.0,0.0
-90,pedestrian,4,1,45,207.61547,0.033415,-11.172704612578748,-0.2784472406752644,0.5966726579354285,14.032336859453151,0.3730170009156734,-0.7993221436097808,0.0,0.0,0.0,0.0,0.0,0.0,0.0
-90,pedestrian,4,1,46,207.648903,0.033433,-11.18136741562265,-0.2598840913170629,0.5568944807460433,14.043941832816218,0.34814920089198614,-0.7460340007106177,0.0,0.0,0.0,0.0,0.0,0.0,0.0
-90,pedestrian,4,1,47,207.68230699999998,0.033404,-11.189452698464287,-0.24255848524908408,0.5197681820393647,14.054773141289642,0.32493925420274894,-0.6962984006771156,0.0,0.0,0.0,0.0,0.0,0.0,0.0
-90,pedestrian,4,1,48,207.71568599999998,0.033379,-11.196998962450463,-0.2263879195853197,0.48511696991293135,14.064882362532723,0.30327663729241405,-0.6498785073100458,0.0,0.0,0.0,0.0,0.0,0.0,0.0
-90,pedestrian,4,1,49,207.749093,0.033407,-11.204042142171534,-0.21129539163213507,0.4527758385955395,14.074317635694133,0.2830581948423135,-0.6065532735030177,0.0,0.0,0.0,0.0,0.0,0.0,0.0
-90,pedestrian,4,1,50,207.782556,0.033463,-11.210615776578498,-0.19720903220893693,0.42259078269594375,14.083123890645977,0.26418764855532173,-0.5661163886097526,0.0,0.0,0.0,0.0,0.0,0.0,0.0
-90,pedestrian,4,1,51,207.816005,0.033449,-11.21675116869229,-0.18406176341376532,0.39441806385514844,14.091343061935552,0.24657513868725925,-0.5283752960418747,0.0,0.0,0.0,0.0,0.0,0.0,0.0
-90,pedestrian,4,1,52,207.84947799999998,0.033473,-11.222477534665781,-0.17179097920471245,0.3681235262715863,14.099014288473667,0.2301367961434431,-0.4931502763144843,0.0,0.0,0.0,0.0,0.0,0.0,0.0
-90,pedestrian,4,1,53,207.882958,0.03348,-11.22782214290832,-0.1603382472761187,0.34358195785781276,14.106174099910415,0.21479434310244747,-0.46027359122986855,0.0,0.0,0.0,0.0,0.0,0.0,0.0
-90,pedestrian,4,1,54,207.91644599999998,0.033488,-11.232810443935294,-0.14964903080927178,0.32067649400540776,14.112856590585885,0.20047472026406396,-0.42958868515150544,0.0,0.0,0.0,0.0,0.0,0.0,0.0
-90,pedestrian,4,1,55,207.949918,0.033472,-11.237466191561074,-0.13967242877339764,0.29929806107622375,14.119093581884155,0.18710973894811364,-0.40094943947850925,0.0,0.0,0.0,0.0,0.0,0.0,0.0
-90,pedestrian,4,1,56,207.98339199999998,0.033474,-11.241811556012397,-0.1303609335396883,0.27934485701127987,14.124914773763697,0.17463575638627224,-0.3742194768552418,0.0,0.0,0.0,0.0,0.0,0.0,0.0
-90,pedestrian,4,1,57,208.016853,0.033461,-11.245867229500888,-0.12167020465470194,0.2607218665495909,14.130347886185755,0.16299337266173103,-0.34927151173623666,0.0,0.0,0.0,0.0,0.0,0.0,0.0
-90,pedestrian,4,1,58,208.05029399999998,0.033441,-11.249652524757398,-0.11355885769530596,0.2433404087818793,14.135418791114159,0.1521271478521365,-0.3259867442878358,0.0,0.0,0.0,0.0,0.0,0.0,0.0
-90,pedestrian,4,1,59,208.083722,0.033428,-11.253185466997389,-0.10598826719974783,0.22711771486674423,14.140151635715151,0.14198533802978733,-0.3042542946704751,0.0,0.0,0.0,0.0,0.0,0.0,0.0
-90,pedestrian,4,1,60,208.11779299999998,0.034071,-11.256482879755291,-0.09892238273709711,0.21197653387952142,14.14456895734389,0.1325196488621983,-0.2839706750276709,0.0,0.0,0.0,0.0,0.0,0.0,0.0
-90,pedestrian,4,1,61,208.15124699999998,0.033454,-11.259560464996573,-0.09232755723847162,0.19784476495876455,14.148691790865191,0.12368500563900112,-0.26503929669591564,0.0,0.0,0.0,0.0,0.0,0.0,0.0
-90,pedestrian,4,1,62,208.18468399999998,0.033437,-11.262432877889005,-0.08617238677294012,0.18465511396594503,14.152539768819542,0.11543933863051814,-0.2473700102544893,0.0,0.0,0.0,0.0,0.0,0.0,0.0
-90,pedestrian,4,1,63,208.218169,0.033485,-11.265113796589171,-0.08042756100499925,0.17234477303822604,14.156131214911404,0.10774338275589042,-0.23087867623883176,0.0,0.0,0.0,0.0,0.0,0.0,0.0
-90,pedestrian,4,1,64,208.25162799999998,0.033459,-11.267615987376553,-0.07506572362143933,0.16085512150679762,14.159483231264941,0.10056049060611967,-0.21548676449312257,0.0,0.0,0.0,0.0,0.0,0.0,0.0
-90,pedestrian,4,1,65,208.28512899999998,0.033501,-11.269951365445333,-0.07006134206340035,0.15013144674116952,14.16261177986271,0.09385645793304996,-0.20112098019209135,0.0,0.0,0.0,0.0,0.0,0.0,0.0
-90,pedestrian,4,1,66,208.31858,0.033451,-11.272131051643415,-0.06539058594244548,0.1401226836286461,14.165531758555092,0.08759936077146957,-0.18771291484741195,0.0,0.0,0.0,0.0,0.0,0.0,0.0
-90,pedestrian,4,1,67,208.352024,0.033444,-11.27416542542884,-0.0610312135627505,0.13078117139084963,14.168257072002445,0.08175940342059305,-0.17519872052629548,0.0,0.0,0.0,0.0,0.0,0.0,0.0
-90,pedestrian,4,1,68,208.385519,0.033495,-11.276064174295783,-0.05696246600827388,0.12206242663429871,14.17080069788777,0.07630877655975297,-0.16351880582520234,0.0,0.0,0.0,0.0,0.0,0.0,0.0
-90,pedestrian,4,1,69,208.418993,0.033474,-11.277836339905472,-0.05316496829063297,0.11392493152922725,14.1731747487152,0.07122152482286502,-0.1526175521066385,0.0,0.0,0.0,0.0,0.0,0.0,0.0
-90,pedestrian,4,1,70,208.45248999999998,0.033497,-11.279490361141718,-0.04962063708740058,0.10632993609697167,14.175390529488592,0.0664734232017477,-0.14244304863351967,0.0,0.0,0.0,0.0,0.0,0.0,0.0
-90,pedestrian,4,1,71,208.485955,0.033465,-11.281034114296082,-0.04631259463093252,0.09924127369404186,14.17745859154488,0.06204186168866574,-0.13294684539245907,0.0,0.0,0.0,0.0,0.0,0.0,0.0
-90,pedestrian,4,1,72,208.519368,0.033413,-11.28247495057402,-0.04322508833811827,0.09262518878442752,14.179388782798538,0.05790573760972978,-0.12408372236807873,0.0,0.0,0.0,0.0,0.0,0.0,0.0
-90,pedestrian,4,1,73,208.552819,0.033451,-11.283819731100621,-0.04034341579802882,0.08645017620268357,14.181190294636403,0.054045355135950456,-0.11581147421337966,0.0,0.0,0.0,0.0,0.0,0.0,0.0
-90,pedestrian,4,1,74,208.58628399999998,0.033465,-11.285074859592639,-0.03765385476053453,0.08068683112482852,14.182871705686194,0.050442331493754225,-0.10809070926588688,0.0,0.0,0.0,0.0,0.0,0.0,0.0
-90,pedestrian,4,1,75,208.619719,0.033435,-11.286246312852375,-0.0351435977920783,0.07530770905368706,14.184441022667118,0.04707950942768468,-0.1008846619820865,0.0,0.0,0.0,0.0,0.0,0.0,0.0
-90,pedestrian,4,1,76,208.65319699999998,0.033478,-11.287339669228645,-0.03280069128809443,0.07028719511951594,14.185905718517096,0.043940875499387945,-0.09415901784890192,0.0,0.0,0.0,0.0,0.0,0.0,0.0
-90,pedestrian,4,1,77,208.686672,0.033475,-11.288360135180344,-0.030613978550948676,0.06560138211437268,14.187272767978193,0.04101148383292164,-0.08788174999398915,0.0,0.0,0.0,0.0,0.0,0.0,0.0
-90,pedestrian,4,1,78,208.720147,0.033475,-11.289312570069105,-0.028573046662845335,0.06122795664310018,14.188548680809665,0.03827738494418553,-0.08202296666208327,0.0,0.0,0.0,0.0,0.0,0.0,0.0
-90,pedestrian,4,1,79,208.753627,0.03348,-11.290201509299123,-0.02666817690052354,0.05714609286965385,14.18973953278682,0.03572555931465233,-0.07655476888599616,0.0,0.0,0.0,0.0,0.0,0.0,0.0
-90,pedestrian,4,1,80,208.787125,0.033498,-11.291031185914308,-0.024890298455538674,0.05333635334954591,14.190850994633275,0.03334385539362487,-0.07145111763082378,0.0,0.0,0.0,0.0,0.0,0.0,0.0
-90,pedestrian,4,1,81,208.820584,0.033459,-11.291805550755644,-0.023230945240085985,0.04978059646358071,14.191888359024405,0.031120931733912678,-0.06668770979136572,0.0,0.0,0.0,0.0,0.0,0.0,0.0
-90,pedestrian,4,1,82,208.85403699999998,0.033453,-11.292528291274719,-0.021682215572248538,0.04646189003512341,14.192856565790567,0.02904620298486292,-0.062241862471492694,0.0,0.0,0.0,0.0,0.0,0.0,0.0
-90,pedestrian,4,1,83,208.887519,0.033482,-11.293202849093014,-0.02023673454885744,0.04336443070173291,14.193760225440094,0.027109789485795163,-0.058092404972032684,0.0,0.0,0.0,0.0,0.0,0.0,0.0
-90,pedestrian,4,1,84,208.92098099999998,0.033462,-11.293832436390575,-0.018887618926865007,0.04047346865977301,14.194603641114089,0.02530247021981677,-0.054219577979351855,0.0,0.0,0.0,0.0,0.0,0.0,0.0
-90,pedestrian,4,1,85,208.95446099999998,0.03348,-11.294420051202115,-0.01762844434620795,0.03777523741971169,14.195390829077581,0.023615638904805402,-0.050604939450341065,0.0,0.0,0.0,0.0,0.0,0.0,0.0
-90,pedestrian,4,1,86,208.987936,0.033475,-11.294968491693364,-0.016453214737476324,0.03525688826194882,14.196125537844605,0.022041263010685597,-0.04723127682359421,0.0,0.0,0.0,0.0,0.0,0.0,0.0
-90,pedestrian,4,1,87,209.021414,0.033478,-11.295480369485674,-0.015356333769264067,0.03290642904636769,14.196811266028256,0.02057184550951369,-0.044082525035157194,0.0,0.0,0.0,0.0,0.0,0.0,0.0
-90,pedestrian,4,1,88,209.05486199999999,0.033448,-11.295958122092301,-0.014332578198825874,0.030712667113145752,14.19745127900076,0.019200389175085653,-0.041143690032841074,0.0,0.0,0.0,0.0,0.0,0.0,0.0
-90,pedestrian,4,1,89,209.088268,0.033406,-11.296404024525621,-0.013377072999603227,0.028665155976679423,14.198048624442853,0.017920363262788567,-0.03840077736891253,0.0,0.0,0.0,0.0,0.0,0.0,0.0
-90,pedestrian,4,1,90,209.121725,0.033457,-11.296820200130517,-0.012485268146868119,0.026754145582053235,14.19860614685656,0.016725672411205116,-0.03584072554750357,0.0,0.0,0.0,0.0,0.0,0.0,0.0
-90,pedestrian,4,1,91,209.15521199999998,0.033487,-11.297208630695547,-0.01165291695089343,0.024970535879240672,14.19912650111044,0.015610627616406804,-0.03345134384394933,0.0,0.0,0.0,0.0,0.0,0.0,0.0
