id,agent_type,type,sim_state,tick_count,sim_time,delta_time,x,x_vel,x_acc,y,y_vel,y_acc,s,s_vel,s_acc,d,d_vel,d_acc,yaw
109,pedestrian,1,2,1,226.259367,0.0,-3.3617448065197095,1.8021777821752956,0,0.5359876416623592,1.1491677439692654,0,0.0,0.0,0.0,0.0,0.0,0.0,201.629577684488
109,pedestrian,1,2,2,226.292859,0.033492,-3.4320091390275853,1.7911716358469654,0,0.5158743546677234,1.171400603883919,0,0.0,0.0,0.0,0.0,0.0,0.0,201.64110174824762
109,pedestrian,1,2,3,226.32632,0.033461,-3.502140406735582,1.7732273771548461,0,0.48578984069993464,1.2037076049349411,0,0.0,0.0,0.0,0.0,0.0,0.0,201.65830112836383
109,pedestrian,1,2,4,226.359778,0.033458,-3.562397265557678,1.7618407927537827,0,0.45580122425493647,1.2257849116294037,0,0.0,0.0,0.0,0.0,0.0,0.0,201.6697915393987
109,pedestrian,1,2,5,226.393251,0.033473,-3.632621720267775,1.7503573198855984,0,0.43561181883961675,1.24770995591895,0,0.0,0.0,0.0,0.0,0.0,0.0,201.6812156624631
109,pedestrian,1,2,6,226.426725,0.033474,-3.702688852073374,1.745800232788922,0,0.40551561758217214,1.2598974862079628,0,0.0,0.0,0.0,0.0,0.0,0.0,201.68705376360396
109,pedestrian,1,2,7,226.46020099999998,0.033476,-3.763074902351145,1.734189261698366,0,0.3756076130352427,1.2818017808848143,0,0.0,0.0,0.0,0.0,0.0,0.0,201.69844148978385
109,pedestrian,1,2,8,226.493676,0.033475,-3.833080856499843,1.7298826391012028,0,0.3553196166601232,1.2937161448276473,0,0.0,0.0,0.0,0.0,0.0,0.0,201.704062197855
109,pedestrian,1,2,9,226.527151,0.033475,-3.893530102805564,1.732469652197335,0,0.32522251444769207,1.2964418829869584,0,0.0,0.0,0.0,0.0,0.0,0.0,201.70435445492555
109,pedestrian,1,2,10,226.56063699999999,0.033486,-3.9637798112681772,1.7208778369654565,0,0.29540621029503755,1.317998038115474,0,0.0,0.0,0.0,0.0,0.0,0.0,201.71552135375762
109,pedestrian,1,2,11,226.594112,0.033475,-4.033685046199594,1.7239325051274677,0,0.2750175198662919,1.3203375688817738,0,0.0,0.0,0.0,0.0,0.0,0.0,201.71552135375762
109,pedestrian,1,2,12,226.627589,0.033477,-4.094239185939862,1.7270316637932162,0,0.24491862036178738,1.3227111743484279,0,0.0,0.0,0.0,0.0,0.0,0.0,201.71552135375762
109,pedestrian,1,2,13,226.661064,0.033475,-4.164465839817095,1.7301733179807002,0,0.2152102014808076,1.3251173265845695,0,0.0,0.0,0.0,0.0,0.0,0.0,201.71552135375762
109,pedestrian,1,2,14,226.69454,0.033476,-4.234696524704684,1.7336343017447955,0,0.19472261947292516,1.3271024958392565,0,0.0,0.0,0.0,0.0,0.0,0.0,201.71527975228977
109,pedestrian,1,2,15,226.728016,0.033476,-4.304470852767664,1.7440261404390782,0,0.16462461815001136,1.3199421347303857,0,0.0,0.0,0.0,0.0,0.0,0.0,201.70979177580634
109,pedestrian,1,2,16,226.761492,0.033476,-4.365153964300473,1.7475498428175342,0,0.13501359499016874,1.3218408885367998,0,0.0,0.0,0.0,0.0,0.0,0.0,201.7095127323438
109,pedestrian,1,2,17,226.79496699999999,0.033475,-4.435382531878854,1.758287852209221,0,0.11442861629055529,1.314141827318177,0,0.0,0.0,0.0,0.0,0.0,0.0,201.7037644459394
109,pedestrian,1,2,18,226.828443,0.033476,-4.505611200553455,1.7693807204238976,0,0.08433061417849519,1.3057812304808407,0,0.0,0.0,0.0,0.0,0.0,0.0,201.69769968244069
109,pedestrian,1,2,19,226.861918,0.033475,-4.575837894533532,1.787412493186921,0,0.05423346029736912,1.2876141850323999,0,0.0,0.0,0.0,0.0,0.0,0.0,201.6862034162529
109,pedestrian,1,2,20,226.895395,0.033477,-4.646070636319878,1.8051756794564715,0,0.0247516892933883,1.2691427919124403,0,0.0,0.0,0.0,0.0,0.0,0.0,201.67470615994395
109,pedestrian,1,2,21,226.92887,0.033475,-4.71564686472202,1.8227469694607539,0,0.004036611984972136,1.2504335290139788,0,0.0,0.0,0.0,0.0,0.0,0.0,201.66320991383733
109,pedestrian,1,2,22,226.962357,0.033487,-4.776549097660294,1.8401060210163007,0,-0.02607134020711101,1.2314631662304667,0,0.0,0.0,0.0,0.0,0.0,0.0,201.6517095230265
109,pedestrian,1,2,23,226.995834,0.033477,-4.846781818632222,1.857676198841339,0,-0.056171078898834305,1.2114392523332493,0,0.0,0.0,0.0,0.0,0.0,0.0,201.63979998511493
109,pedestrian,1,2,24,227.02930899999998,0.033475,-4.9170083895278465,1.8811739104554384,0,-0.08551624135852444,1.1810373882851197,0,0.0,0.0,0.0,0.0,0.0,0.0,201.62255561595504
109,pedestrian,1,2,25,227.062796,0.033487,-4.987260300575367,1.90394334350269,0,-0.10637614330433892,1.1500289553520902,0,0.0,0.0,0.0,0.0,0.0,0.0,201.60530502450493
109,pedestrian,1,2,26,227.096271,0.033475,-5.057488804954198,1.9259549363640782,0,-0.1364740728086225,1.118457292262762,0,0.0,0.0,0.0,0.0,0.0,0.0,201.58806018079272
109,pedestrian,1,2,27,227.129744,0.033473,-5.1277111795357495,1.947219509566552,0,-0.16656937595852903,1.0863472123632247,0,0.0,0.0,0.0,0.0,0.0,0.0,201.57081684191618
109,pedestrian,1,2,28,227.163218,0.033474,-5.197935838127864,1.9682078084191283,0,-0.1966656584915951,1.0526897140890894,0,0.0,0.0,0.0,0.0,0.0,0.0,201.55306619940913
109,pedestrian,1,2,29,227.196693,0.033475,-5.268164321906208,1.9945764950299392,0,-0.22584650575496218,1.0058878828924556,0,0.0,0.0,0.0,0.0,0.0,0.0,201.52902219197418
109,pedestrian,1,2,30,227.230167,0.033474,-5.338388795165169,2.0284580333244615,0,-0.24685978365613345,0.9393719499293832,0,0.0,0.0,0.0,0.0,0.0,0.0,201.4956221198278
109,pedestrian,1,2,31,227.26364,0.033473,-5.408611375657735,2.050443942114797,0,-0.27695517558229976,0.8928956387480784,0,0.0,0.0,0.0,0.0,0.0,0.0,201.47263093394946
109,pedestrian,1,2,32,227.297116,0.033476,-5.478841937511574,2.0713950925341242,0,-0.30705398542834617,0.8445074275695195,0,0.0,0.0,0.0,0.0,0.0,0.0,201.4490562272522
109,pedestrian,1,2,33,227.330571,0.033455,-5.549026550469759,2.0944636678082498,0,-0.33609285812741113,0.7859703868020044,0,0.0,0.0,0.0,0.0,0.0,0.0,201.42092880234927
109,pedestrian,1,2,34,227.364039,0.033468,-5.6192386618866665,2.1120652499432198,0,-0.3572240121742813,0.7361995126143998,0,0.0,0.0,0.0,0.0,0.0,0.0,201.39732766413363
109,pedestrian,1,2,35,227.397513,0.033474,-5.689465008799713,2.1316146880188356,0,-0.3873210158211659,0.674970715356786,0,0.0,0.0,0.0,0.0,0.0,0.0,201.36858714078127
109,pedestrian,1,2,36,227.430986,0.033473,-5.759687383994833,2.1497193475868355,0,-0.4174163215888628,0.6103059992735328,0,0.0,0.0,0.0,0.0,0.0,0.0,201.33854802494622
109,pedestrian,1,2,37,227.464461,0.033475,-5.829914200299609,2.170368819512906,0,-0.44634647305614183,0.5258870692691463,0,0.0,0.0,0.0,0.0,0.0,0.0,201.29964837128463
109,pedestrian,1,2,38,227.49793499999998,0.033474,-5.9001405262073465,2.182842901765736,0,-0.46761052515271606,0.46136784516904206,0,0.0,0.0,0.0,0.0,0.0,0.0,201.2702206571602
109,pedestrian,1,2,39,227.531409,0.033474,-5.970364999730996,2.1947547750411895,0,-0.49770672824947176,0.3869493511634213,0,0.0,0.0,0.0,0.0,0.0,0.0,201.2364385215696
109,pedestrian,1,2,40,227.564898,0.033489,-6.040621207173762,2.202937160610293,0,-0.5278165316170046,0.3152403915266706,0,0.0,0.0,0.0,0.0,0.0,0.0,201.2040530608734
109,pedestrian,1,2,41,227.59837199999998,0.033474,-6.110847512800657,2.2137922077129146,0,-0.5566131322808613,0.19449151604107365,0,0.0,0.0,0.0,0.0,0.0,0.0,201.14955231466178
109,pedestrian,1,2,42,227.631846,0.033474,-6.1810719861407675,2.215477651588522,0,-0.5780097213713745,0.11615493928347939,0,0.0,0.0,0.0,0.0,0.0,0.0,201.1143011665926
109,pedestrian,1,2,43,227.665322,0.033476,-6.2513009409071385,2.214174241523573,0,-0.6081078453926011,0.028618149574996206,0,0.0,0.0,0.0,0.0,0.0,0.0,201.07484511942025
109,pedestrian,1,2,44,227.698796,0.033474,-6.321527225442182,2.209091043881571,0,-0.6368073363352886,-0.049408305528546956,0,0.0,0.0,0.0,0.0,0.0,0.0,201.0395558198001
109,pedestrian,1,2,45,227.73227,0.033474,-6.391751698155436,2.200250596051628,0,-0.6583010280277639,-0.13790864007225268,0,0.0,0.0,0.0,0.0,0.0,0.0,200.9993201604242
109,pedestrian,1,2,46,227.765746,0.033476,-6.461980673899903,2.1860935993219783,0,-0.6883991601176074,-0.23482993831050147,0,0.0,0.0,0.0,0.0,0.0,0.0,200.95489283497042
109,pedestrian,1,2,47,227.799219,0.033473,-6.5307105501282745,2.160943990323896,0,-0.7170009416661395,-0.3747587616091835,0,0.0,0.0,0.0,0.0,0.0,0.0,200.89019854792122
109,pedestrian,1,2,48,227.832693,0.033474,-6.592429314208731,2.1378945964693545,0,-0.7385914347850303,-0.4600362551770723,0,0.0,0.0,0.0,0.0,0.0,0.0,200.84996288854532
109,pedestrian,1,2,49,227.866165,0.033472,-6.662649918071677,2.1105207598914557,0,-0.7686859789758743,-0.5458159814932071,0,0.0,0.0,0.0,0.0,0.0,0.0,200.80883685026623
109,pedestrian,1,2,50,227.899638,0.033473,-6.732874065345013,2.0736513515107093,0,-0.7971921476861104,-0.647558220862512,0,0.0,0.0,0.0,0.0,0.0,0.0,200.75920968444075
109,pedestrian,1,2,51,227.933112,0.033474,-6.803098538458783,2.0203234724437493,0,-0.8188782443944222,-0.778858071707367,0,0.0,0.0,0.0,0.0,0.0,0.0,200.69395153103727
109,pedestrian,1,2,52,227.966603,0.033491,-6.871699849654451,1.9750843917259748,0,-0.8473307069474422,-0.8677468554774219,0,0.0,0.0,0.0,0.0,0.0,0.0,200.647944339308
109,pedestrian,1,2,53,228.000052,0.033449,-6.933532799918449,1.9255288989964916,0,-0.8690643554621559,-0.9537789821865446,0,0.0,0.0,0.0,0.0,0.0,0.0,200.6019939255855
109,pedestrian,1,2,54,228.033518,0.033466,-7.003740490754632,1.8661023314250065,0,-0.8991533662787498,-1.0456922638952237,0,0.0,0.0,0.0,0.0,0.0,0.0,200.55111200394518
109,pedestrian,1,2,55,228.066993,0.033475,-7.073967427575954,1.7809284334666275,0,-0.9275045354447389,-1.1681022720227565,0,0.0,0.0,0.0,0.0,0.0,0.0,200.48138819051508
109,pedestrian,1,2,56,228.100468,0.033475,-7.142417026777209,1.7208459288599898,0,-0.9493484699594332,-1.2375085717751857,0,0.0,0.0,0.0,0.0,0.0,0.0,200.43845943836237
109,pedestrian,1,2,57,228.133943,0.033475,-7.204422301901707,1.6646233941315458,0,-0.9776345001761025,-1.2931121037715256,0,0.0,0.0,0.0,0.0,0.0,0.0,200.40141748595198
109,pedestrian,1,2,58,228.167418,0.033475,-7.274649259534854,1.5610704969257745,0,-0.9995428406385917,-1.3997492143773909,0,0.0,0.0,0.0,0.0,0.0,0.0,200.33091645034068
109,pedestrian,1,2,59,228.200893,0.033475,-7.343001436846689,1.4795815877645093,0,-1.0277645705561347,-1.4684696754660815,0,0.0,0.0,0.0,0.0,0.0,0.0,200.28025701139464
109,pedestrian,1,2,60,228.234368,0.033475,-7.405104112661905,1.4001353238467824,0,-1.047829303567966,-1.5269574375392774,0,0.0,0.0,0.0,0.0,0.0,0.0,200.2331785528052
109,pedestrian,1,2,61,228.267848,0.03348,-7.473399184210242,1.303415065145522,0,-1.0698395490519232,-1.592387963575533,0,0.0,0.0,0.0,0.0,0.0,0.0,200.17698577326428
109,pedestrian,1,2,62,228.301326,0.033478,-7.535576136457229,1.1806576997115021,0,-1.0979641677421037,-1.6689012470959406,0,0.0,0.0,0.0,0.0,0.0,0.0,200.10678011721376
109,pedestrian,1,2,63,228.334802,0.033476,-7.603796233871958,1.0850950953982619,0,-1.1200380727913695,-1.7155692552494044,0,0.0,0.0,0.0,0.0,0.0,0.0,200.05504546430873
109,pedestrian,1,2,64,228.368277,0.033475,-7.663990805327877,0.9877700769486912,0,-1.1480943585200536,-1.7566422085398994,0,0.0,0.0,0.0,0.0,0.0,0.0,200.00331204140758
109,pedestrian,1,2,65,228.401756,0.033479,-7.726268437754571,0.8890146378543775,0,-1.1681619673261707,-1.792092816817236,0,0.0,0.0,0.0,0.0,0.0,0.0,199.95157152222316
109,pedestrian,1,2,66,228.43523199999998,0.033476,-7.794389634922571,0.7980181654730831,0,-1.1903347722970317,-1.8182954136484741,0,0.0,0.0,0.0,0.0,0.0,0.0,199.9046668381081
109,pedestrian,1,2,67,228.468707,0.033475,-7.854584223584581,0.739685764462402,0,-1.218292163499566,-1.826273328008404,0,0.0,0.0,0.0,0.0,0.0,0.0,199.87592603911597
109,pedestrian,1,2,68,228.502182,0.033475,-7.916952346763052,0.6928970315520924,0,-1.2383573702631574,-1.828212678552236,0,0.0,0.0,0.0,0.0,0.0,0.0,199.85340851958247
109,pedestrian,1,2,69,228.535657,0.033475,-7.984974044586598,0.6760086051581546,0,-1.2584221044327013,-1.8180089232433747,0,0.0,0.0,0.0,0.0,0.0,0.0,199.84709202349535
109,pedestrian,1,2,70,228.56914,0.033483,-8.045183036604364,0.6185749160550711,0,-1.278491768422942,-1.8222556014289826,0,0.0,0.0,0.0,0.0,0.0,0.0,199.81834434737817
109,pedestrian,1,2,71,228.60262,0.03348,-8.10538762683077,0.5614721566165549,0,-1.3008337693547563,-1.8247415373724316,0,0.0,0.0,0.0,0.0,0.0,0.0,199.78959877298863
109,pedestrian,1,2,72,228.636095,0.033475,-8.165581829634775,0.5047678943791141,0,-1.3286246996031155,-1.8255270358823246,0,0.0,0.0,0.0,0.0,0.0,0.0,199.76085815772205
109,pedestrian,1,2,73,228.669587,0.033492,-8.225807024076063,0.44606183636996444,0,-1.3486997651759491,-1.825338053254026,0,0.0,0.0,0.0,0.0,0.0,0.0,199.73075990254887
109,pedestrian,1,2,74,228.703068,0.033481,-8.283635295942675,0.38236591056681907,0,-1.3687685543572912,-1.8249562830695853,0,0.0,0.0,0.0,0.0,0.0,0.0,199.69762674356866
109,pedestrian,1,2,75,228.736542,0.033474,-8.336205799876069,0.33979141797119106,0,-1.3888326907763926,-1.8191483110718356,0,0.0,0.0,0.0,0.0,0.0,0.0,199.67579160309188
109,pedestrian,1,2,76,228.770017,0.033475,-8.396400442775127,0.3221363622654478,0,-1.4088975720613106,-1.8081493455813673,0,0.0,0.0,0.0,0.0,0.0,0.0,199.66739454135782
109,pedestrian,1,2,77,228.803496,0.033479,-8.456603198582263,0.2576917395262198,0,-1.4289651572566209,-1.80491676134625,0,0.0,0.0,0.0,0.0,0.0,0.0,199.63290090327837
109,pedestrian,1,2,78,228.836952,0.033456,-8.514260165246203,0.19652942893145517,0,-1.44901850386396,-1.7997140852381572,0,0.0,0.0,0.0,0.0,0.0,0.0,199.5998658948993
109,pedestrian,1,2,79,228.870422,0.03347,-8.566948905474433,0.14116794564487192,0,-1.4690803915516992,-1.79264829492315,0,0.0,0.0,0.0,0.0,0.0,0.0,199.569677470317
109,pedestrian,1,2,80,228.903897,0.033475,-8.624577844986481,0.09445329009591051,0,-1.4891455734673011,-1.7845906654921015,0,0.0,0.0,0.0,0.0,0.0,0.0,199.5440113102118
109,pedestrian,1,2,81,228.93737099999998,0.033474,-8.67473818264639,0.07810146421301425,0,-1.5066110338967358,-1.774599391193101,0,0.0,0.0,0.0,0.0,0.0,0.0,199.53507772246058
109,pedestrian,1,2,82,228.970853,0.033482,-8.727544122114844,0.016752800639247337,0,-1.519278798100119,-1.766265269828323,0,0.0,0.0,0.0,0.0,0.0,0.0,199.5005815008603
109,pedestrian,1,2,83,229.004327,0.033474,-8.785072345160355,-0.04392848451802994,0,-1.539343375370242,-1.7563844726435647,0,0.0,0.0,0.0,0.0,0.0,0.0,199.46609303383667
109,pedestrian,1,2,84,229.037802,0.033475,-8.83793205665348,-0.10394377232178043,0,-1.5594081099716215,-1.7450037281527484,0,0.0,0.0,0.0,0.0,0.0,0.0,199.43160429551676
109,pedestrian,1,2,85,229.071277,0.033475,-8.895396427528222,-0.14711312957100686,0,-1.5794730073695624,-1.7341149290523081,0,0.0,0.0,0.0,0.0,0.0,0.0,199.4065014393804
109,pedestrian,1,2,86,229.104751,0.033474,-8.945557855037057,-0.1628787729347004,0,-1.5967749688595951,-1.72574716429734,0,0.0,0.0,0.0,0.0,0.0,0.0,199.3970042865848
109,pedestrian,1,2,87,229.138226,0.033475,-8.995719691414463,-0.22418912705935065,0,-1.6096023132153616,-1.712284124310681,0,0.0,0.0,0.0,0.0,0.0,0.0,199.36091414436362
109,pedestrian,1,2,88,229.1717,0.033474,-9.048707582044052,-0.28911635653543327,0,-1.6296666181179311,-1.6963625284867905,0,0.0,0.0,0.0,0.0,0.0,0.0,199.32229797100268
109,pedestrian,1,2,89,229.205175,0.033475,-9.106043363573379,-0.329820214946069,0,-1.6497317822254864,-1.683223659951022,0,0.0,0.0,0.0,0.0,0.0,0.0,199.29763945830555
109,pedestrian,1,2,90,229.238657,0.033482,-9.156215689806706,-0.3453892177133412,0,-1.6669065356100994,-1.6744073942468423,0,0.0,0.0,0.0,0.0,0.0,0.0,199.28769001107764
109,pedestrian,1,2,91,229.272096,0.033439,-9.20923986094256,-0.4044773535813109,0,-1.679844044593226,-1.656108767839714,0,0.0,0.0,0.0,0.0,0.0,0.0,199.25156740787224
109,pedestrian,1,2,92,229.3055,0.033404,-9.266380524171197,-0.46676764069215615,0,-1.6998666474138038,-1.635386662629548,0,0.0,0.0,0.0,0.0,0.0,0.0,199.21309216653168
109,pedestrian,1,2,93,229.33890399999999,0.033404,-9.316435967712627,-0.5216600911978203,0,-1.7198888241818249,-1.6149313368640177,0,0.0,0.0,0.0,0.0,0.0,0.0,199.17867657833636
109,pedestrian,1,2,94,229.372342,0.033438,-9.366542803420671,-0.5597645205088653,0,-1.7399315585301076,-1.5990262968447546,0,0.0,0.0,0.0,0.0,0.0,0.0,199.15440000952285
109,pedestrian,1,2,95,229.405779,0.033437,-9.419629542746906,-0.5777726658143593,0,-1.756993148266182,-1.5893486838893915,0,0.0,0.0,0.0,0.0,0.0,0.0,199.14244494385542
109,pedestrian,1,2,96,229.439272,0.033493,-9.476837562057801,-0.6377153994336743,0,-1.7700494621243936,-1.5638111859498807,0,0.0,0.0,0.0,0.0,0.0,0.0,199.10391594900614
109,pedestrian,1,2,97,229.472746,0.033474,-9.53004906738109,-0.6932032096766795,0,-1.7901137791070871,-1.538016825972648,0,0.0,0.0,0.0,0.0,0.0,0.0,199.0676799984107
109,pedestrian,1,2,98,229.506222,0.033476,-9.5871627334496,-0.7513824512739156,0,-1.8101795297822765,-1.5092714452067246,0,0.0,0.0,0.0,0.0,0.0,0.0,199.02920786413154
109,pedestrian,1,2,99,229.539672,0.03345,-9.640395568577526,-0.8052156165795209,0,-1.8271208199896976,-1.4803826281964043,0,0.0,0.0,0.0,0.0,0.0,0.0,198.99296386624926
