id,agent_type,type,sim_state,tick_count,sim_time,delta_time,x,x_vel,x_acc,y,y_vel,y_acc,s,s_vel,s_acc,d,d_vel,d_acc,yaw
26,pedestrian,1,2,1,0.0,0.0,8.56046410172712,-0.550978139034704,0,23.62228336930275,0.9201841796134036,0,0.0,0.0,0.0,0.0,0.0,0.0,190.60586970617098
26,pedestrian,1,2,2,0.033515,0.033515,8.52033103128407,-0.6434313170693442,0,23.622239010914626,0.8585743644285989,0,0.0,0.0,0.0,0.0,0.0,0.0,190.709484983274
26,pedestrian,1,2,3,0.066946,0.033431,8.490208758976625,-0.7333659664726765,0,23.612283368589,0.7837461188671621,0,0.0,0.0,0.0,0.0,0.0,0.0,190.818559016553
26,pedestrian,1,2,4,0.100374,0.033428,8.450217750089896,-0.8146939411936206,0,23.61220125060369,0.6995255997525757,0,0.0,0.0,0.0,0.0,0.0,0.0,190.92766706365728
26,pedestrian,1,2,5,0.136909,0.036535,8.41633774498863,-0.8957348498870447,0,23.60228336788714,0.5920261647037713,0,0.0,0.0,0.0,0.0,0.0,0.0,191.05313877013856
26,pedestrian,1,2,6,0.170374,0.033465,8.376219187889038,-0.9581198250311008,0,23.6012221397513,0.4856035876703231,0,0.0,0.0,0.0,0.0,0.0,0.0,191.1680699684252
26,pedestrian,1,2,7,0.203802,0.033428,8.337225572537438,-1.007984292393458,0,23.592283368110657,0.3721520467250557,0,0.0,0.0,0.0,0.0,0.0,0.0,191.2834895319133
26,pedestrian,1,2,8,0.237229,0.033427,8.30607400367096,-1.0458124391586905,0,23.591185843709127,0.24833906925030316,0,0.0,0.0,0.0,0.0,0.0,0.0,191.4040274241806
26,pedestrian,1,2,9,0.270704,0.033475,8.267073624891772,-1.0684718132979163,0,23.582283368334174,0.12063608237018068,0,0.0,0.0,0.0,0.0,0.0,0.0,191.52474121852592
26,pedestrian,1,2,10,0.304128,0.033424,8.235875136149849,-1.0754934298827237,0,23.581136127073517,-0.00941243389257906,0,0.0,0.0,0.0,0.0,0.0,0.0,191.64592521788853
26,pedestrian,1,2,11,0.337532,0.033404,8.196989006721326,-1.0659313572132136,0,23.57228336844981,-0.14543544552666762,0,0.0,0.0,0.0,0.0,0.0,0.0,191.77277983967738
26,pedestrian,1,2,12,0.370934,0.033402,8.165787624108194,-1.0381451643849622,0,23.571114248571764,-0.28380617951846826,0,0.0,0.0,0.0,0.0,0.0,0.0,191.90403199823285
26,pedestrian,1,2,13,0.404371,0.033437,8.126893806732614,-0.9936985611742294,0,23.562283368892047,-0.4137352497325744,0,0.0,0.0,0.0,0.0,0.0,0.0,192.0317109044325
26,pedestrian,1,2,14,0.437773,0.033402,8.095661607914847,-0.9282525162414074,0,23.561082746350287,-0.5457497822020163,0,0.0,0.0,0.0,0.0,0.0,0.0,192.16867760320932
26,pedestrian,1,2,15,0.471205,0.033432,8.056802998710115,-0.8477649993026085,0,23.552283369822394,-0.6636707744208081,0,0.0,0.0,0.0,0.0,0.0,0.0,192.30141730265572
26,pedestrian,1,2,16,0.504634,0.033429,8.025508306187954,-0.7463595984903656,0,23.551044420139796,-0.7726528749276024,0,0.0,0.0,0.0,0.0,0.0,0.0,192.43989254907504
26,pedestrian,1,2,17,0.545419,0.040785,7.97661527315137,-0.5998638645588894,0,23.5422833673656,-0.8901361159100059,0,0.0,0.0,0.0,0.0,0.0,0.0,192.61497782827502
26,pedestrian,1,2,18,0.578834,0.033415,7.940033735975175,-0.4665972456862843,0,23.538806579323442,-0.9670528029189932,0,0.0,0.0,0.0,0.0,0.0,0.0,192.75842614032166
26,pedestrian,1,2,19,0.612236,0.033402,7.906514989912828,-0.3216210900621321,0,23.53228336819566,-1.024593498143825,0,0.0,0.0,0.0,0.0,0.0,0.0,192.90381390180102
26,pedestrian,1,2,20,0.645638,0.033402,7.869970484944394,-0.16587706226330967,0,23.52878549590771,-1.0613493125310292,0,0.0,0.0,0.0,0.0,0.0,0.0,193.05294074983738
26,pedestrian,1,2,21,0.67904,0.033402,7.836429875777758,-0.0063465960683999414,0,23.51877481213754,-1.0745437581346455,0,0.0,0.0,0.0,0.0,0.0,0.0,193.20206893914226
26,pedestrian,1,2,22,0.712444,0.033404,7.7999051660223,0.15553643677846335,0,23.512283368363942,-1.0633531686074618,0,0.0,0.0,0.0,0.0,0.0,0.0,193.35321976278487
26,pedestrian,1,2,23,0.745852,0.033408,7.766335947510174,0.3198119308533918,0,23.508751329786357,-1.0260503402491508,0,0.0,0.0,0.0,0.0,0.0,0.0,193.510133801366
26,pedestrian,1,2,24,0.779277,0.033425,7.729815257052663,0.479999763514865,0,23.502283367328346,-0.9618941394120647,0,0.0,0.0,0.0,0.0,0.0,0.0,193.6708439571774
26,pedestrian,1,2,25,0.812758,0.033481,7.696128979818829,0.6281168378009989,0,23.498699587360402,-0.8727292742076083,0,0.0,0.0,0.0,0.0,0.0,0.0,193.83182025060674
26,pedestrian,1,2,26,0.846178,0.03342,7.656065012215474,0.7612296669873905,0,23.49228336881844,-0.7594343954888628,0,0.0,0.0,0.0,0.0,0.0,0.0,193.99456750500477
26,pedestrian,1,2,27,0.879676,0.033498,7.619546427488873,0.8769426943606439,0,23.48864414477355,-0.6226269202696426,0,0.0,0.0,0.0,0.0,0.0,0.0,194.16138079385084
26,pedestrian,1,2,28,0.913117,0.033441,7.58581849259972,0.9689695516029537,0,23.478621966804546,-0.4666134629742652,0,0.0,0.0,0.0,0.0,0.0,0.0,194.33000488129207
26,pedestrian,1,2,29,0.946597,0.03348,7.5493779656032585,1.0348729825035143,0,23.47228336893022,-0.2934539371196825,0,0.0,0.0,0.0,0.0,0.0,0.0,194.5024762336214
26,pedestrian,1,2,30,0.98003,0.033433,7.515602711240144,1.0700303942286769,0,23.4685680208222,-0.10947858120469982,0,0.0,0.0,0.0,0.0,0.0,0.0,194.67683555078222
26,pedestrian,1,2,31,1.013591,0.033561,7.479143634639257,1.0726066478787313,0,23.458509878950533,0.08242436028664889,0,0.0,0.0,0.0,0.0,0.0,0.0,194.85548515471243
26,pedestrian,1,2,32,1.047361,0.03377,7.444886566910473,1.0407169944069476,0,23.452283368445933,0.2729143475138063,0,0.0,0.0,0.0,0.0,0.0,0.0,195.0352493660807
26,pedestrian,1,2,33,1.080801,0.03344,7.408714767455748,0.9748231055737366,0,23.448366924142306,0.45501577195835324,0,0.0,0.0,0.0,0.0,0.0,0.0,195.21550207858672
26,pedestrian,1,2,34,1.114239,0.033438,7.374713209185576,0.8753867242477316,0,23.438345645857595,0.6255381306885685,0,0.0,0.0,0.0,0.0,0.0,0.0,195.39923870702643
26,pedestrian,1,2,35,1.147672,0.033433,7.338591236413586,0.6759323252116183,0,23.432283368524384,0.8190781771455594,0,0.0,0.0,0.0,0.0,0.0,0.0,195.66004673950707
26,pedestrian,1,2,36,1.181078,0.033406,7.304586137998874,0.40504716471351476,0,23.428313877236093,0.9967100744053146,0,0.0,0.0,0.0,0.0,0.0,0.0,195.9635941505336
26,pedestrian,1,2,37,1.21453,0.033452,7.264484240831074,0.20753898198214882,0,23.418288402817133,1.0554632942953974,0,0.0,0.0,0.0,0.0,0.0,0.0,196.1554408268242
26,pedestrian,1,2,38,1.247929,0.033399,7.228450074954253,-0.0033646162506244665,0,23.412283367477357,1.0754547538184787,0,0.0,0.0,0.0,0.0,0.0,0.0,196.35273014993655
26,pedestrian,1,2,39,1.281361,0.033432,7.194366759607568,-0.21558804034059564,0,23.408259032146084,1.054006058054919,0,0.0,0.0,0.0,0.0,0.0,0.0,196.5513538562042
26,pedestrian,1,2,40,1.31479,0.033429,7.158335351439635,-0.4181022201721243,0,23.398240451513587,0.9910112564773141,0,0.0,0.0,0.0,0.0,0.0,0.0,196.74883790007775
26,pedestrian,1,2,41,1.34822,0.03343,7.1242164243210775,-0.6093732196061263,0,23.388221449249144,0.8860039377827119,0,0.0,0.0,0.0,0.0,0.0,0.0,196.95208150708473
26,pedestrian,1,2,42,1.381622,0.033402,7.0882463413198185,-0.7780950481276993,0,23.38228336814791,0.742264398385799,0,0.0,0.0,0.0,0.0,0.0,0.0,197.158566343599
26,pedestrian,1,2,43,1.415025,0.033403,7.054130598564268,-0.9137571729981989,0,23.378199992068435,0.5669758390817805,0,0.0,0.0,0.0,0.0,0.0,0.0,197.36505369107022
26,pedestrian,1,2,44,1.44844,0.033415,7.018170449482215,-1.0106123483018585,0,23.368185483839735,0.36750970681503126,0,0.0,0.0,0.0,0.0,0.0,0.0,197.57161775213874
26,pedestrian,1,2,45,1.481895,0.033455,6.983966364048918,-1.0645766537916508,0,23.35815893398168,0.1496004099154321,0,0.0,0.0,0.0,0.0,0.0,0.0,197.78079332335108
26,pedestrian,1,2,46,1.515301,0.033406,6.948055733572034,-1.0716662460918474,0,23.348147245848537,-0.08051847192334806,0,0.0,0.0,0.0,0.0,0.0,0.0,197.99540531435528
26,pedestrian,1,2,47,1.548704,0.033403,6.913875957406387,-1.0298938592507312,0,23.342283368655757,-0.30799117957675437,0,0.0,0.0,0.0,0.0,0.0,0.0,198.21099081057633
26,pedestrian,1,2,48,1.582109,0.033405,6.877988302231029,-0.9403519445481764,0,23.338124769164022,-0.5200870095334478,0,0.0,0.0,0.0,0.0,0.0,0.0,198.42561304533976
26,pedestrian,1,2,49,1.615509,0.0334,6.843790141855361,-0.8036586263364062,0,23.328114879300053,-0.7127556193491159,0,0.0,0.0,0.0,0.0,0.0,0.0,198.6459407054688
26,pedestrian,1,2,50,1.648908,0.033399,6.807929484805713,-0.6277685407590411,0,23.31810516236101,-0.8719628536080417,0,0.0,0.0,0.0,0.0,0.0,0.0,198.8672174072747
26,pedestrian,1,2,51,1.682311,0.033403,6.7737074255562675,-0.42182797455017307,0,23.30809420017459,-0.9876984251415706,0,0.0,0.0,0.0,0.0,0.0,0.0,199.0875802898446
26,pedestrian,1,2,52,1.715726,0.033415,6.73785343774941,-0.19210600522857668,0,23.29807981576831,-1.0565658184299656,0,0.0,0.0,0.0,0.0,0.0,0.0,199.31135527838043
26,pedestrian,1,2,53,1.74913,0.033404,6.703605023003632,0.04963692082124198,0,23.288068599011524,-1.0722838802184267,0,0.0,0.0,0.0,0.0,0.0,0.0,199.53747430926921
26,pedestrian,1,2,54,1.782563,0.033433,6.667759932934772,0.2923797726855694,0,23.27804864475393,-1.0327096499557504,0,0.0,0.0,0.0,0.0,0.0,0.0,199.76711472565546
26,pedestrian,1,2,55,1.815997,0.033434,6.6334448906381045,0.5197036212461309,0,23.26802856565467,-0.9389051259966548,0,0.0,0.0,0.0,0.0,0.0,0.0,199.99675803697988
26,pedestrian,1,2,56,1.853663,0.037666,6.593833997886967,0.7425336863689274,0,23.256740000558995,-0.7744146395044278,0,0.0,0.0,0.0,0.0,0.0,0.0,200.25547288605782
26,pedestrian,1,2,57,1.887123,0.03346,6.558178609037127,0.9272513072627546,0,23.246711995058394,-0.5218466504787096,0,0.0,0.0,0.0,0.0,0.0,0.0,200.54914107171493
26,pedestrian,1,2,58,1.920563,0.03344,6.523684348506861,1.048932062534147,0,23.236690116749706,-0.17104945254582063,0,0.0,0.0,0.0,0.0,0.0,0.0,200.9000772490193
26,pedestrian,1,2,59,1.954383,0.03382,6.493276544954238,1.0418405234662715,0,23.226554181573807,0.20952378243816858,0,0.0,0.0,0.0,0.0,0.0,0.0,201.26013993824728
