id,agent_type,type,sim_state,tick_count,sim_time,delta_time,x,x_vel,x_acc,y,y_vel,y_acc,s,s_vel,s_acc,d,d_vel,d_acc,yaw
-193,pedestrian,4,1,1,186.9868,0.0,-29.44529599260686,1.0271971815755512,-2.201137129584446,7.53245757594991,-0.5947737357651303,1.2745151818077873,0.0,0.0,0.0,0.0,0.0,0.0,0.0
-193,pedestrian,4,1,2,187.02026099999998,0.033461,-29.414247442307822,0.9314565089711063,-2.8722201781333463,7.514520137603078,-0.5381231504049585,1.6995175608051538,0.0,0.0,0.0,0.0,0.0,0.0,0.0
-193,pedestrian,4,1,3,187.05370699999997,0.033446,-29.38630815021517,0.8381787627795224,-2.7983323857475186,7.498489911397689,-0.4809067861616855,1.7164909272981916,0.0,0.0,0.0,0.0,0.0,0.0,0.0
-193,pedestrian,4,1,4,187.087187,0.03348,-29.36134016878144,0.7490394430119842,-2.674179593026147,7.4843802848302685,-0.42328879702262523,1.7285396741718067,0.0,0.0,0.0,0.0,0.0,0.0,0.0
-193,pedestrian,4,1,5,187.120655,0.033468,-29.33891905902019,0.672633292837533,-2.2921845052335366,7.472229962101411,-0.3645096818657155,1.7633734547072928,0.0,0.0,0.0,0.0,0.0,0.0,0.0
-193,pedestrian,4,1,6,187.15408299999999,0.033428,-29.318575198531523,0.6103158146599474,-1.8695243453275694,7.462131355563198,-0.30295819614639746,1.8465445715795408,0.0,0.0,0.0,0.0,0.0,0.0,0.0
-193,pedestrian,4,1,7,187.187557,0.033474,-29.299880852849395,0.5608303704638449,-1.4845633258830762,7.454175065259087,-0.23868870912332388,1.9280846106922076,0.0,0.0,0.0,0.0,0.0,0.0,0.0
-193,pedestrian,4,1,8,187.221048,0.033491,-29.281127070715858,0.5626134640061438,0.05349280626896532,7.449993442410921,-0.12544868544497992,3.397200710350319,0.0,0.0,0.0,0.0,0.0,0.0,0.0
-193,pedestrian,4,1,9,187.254503,0.033455,-29.263407901155052,0.5315750868241967,-0.9311513154584093,7.44533933546439,-0.13962320839594086,-0.4252356885288287,0.0,0.0,0.0,0.0,0.0,0.0,0.0
-193,pedestrian,4,1,10,187.28795599999998,0.033453,-29.246581919173718,0.5047794594399863,-0.8038688215263149,7.439844281800301,-0.16485160992265646,-0.7568520458014681,0.0,0.0,0.0,0.0,0.0,0.0,0.0
-193,pedestrian,4,1,11,187.321415,0.033459,-29.230431166007335,0.48452259499146466,-0.6077059334556486,7.433660109663677,-0.18552516409873118,-0.6202066252822417,0.0,0.0,0.0,0.0,0.0,0.0,0.0
-193,pedestrian,4,1,12,187.354896,0.033481,-29.214795370399482,0.4690738682356252,-0.46346180267518367,7.426943333683373,-0.20150327940912155,-0.4793434593117111,0.0,0.0,0.0,0.0,0.0,0.0,0.0
-193,pedestrian,4,1,13,187.38831599999997,0.03342,-29.19957854704157,0.4565047007374076,-0.3770750249465276,7.419842628765106,-0.2130211475480245,-0.3455360441670889,0.0,0.0,0.0,0.0,0.0,0.0,0.0
-193,pedestrian,4,1,14,187.42173699999998,0.033421,-29.184755097342485,0.44470349097245426,-0.35403629294860106,7.412496723989972,-0.22037714325400265,-0.22067987117934398,0.0,0.0,0.0,0.0,0.0,0.0,0.0
-193,pedestrian,4,1,15,187.455198,0.033461,-29.170374838785065,0.4314077567226214,-0.3988720274949872,7.405039384836909,-0.22372017459187826,-0.1002909401362681,0.0,0.0,0.0,0.0,0.0,0.0,0.0
-193,pedestrian,4,1,16,187.48866299999997,0.033465,-29.15648945094963,0.4165616350630796,-0.4453836497862548,7.397587233766461,-0.22356453211344074,0.004669274353125346,0.0,0.0,0.0,0.0,0.0,0.0,0.0
-193,pedestrian,4,1,17,187.522124,0.033461,-29.143228709351995,0.3978222479289751,-0.5621816140231357,7.390248792377138,-0.22015324167969916,0.10233871301224776,0.0,0.0,0.0,0.0,0.0,0.0,0.0
-193,pedestrian,4,1,18,187.555579,0.033455,-29.130693905758235,0.3760441078127831,-0.6533442034857608,7.383104119176791,-0.2143401960103976,0.17439137007904607,0.0,0.0,0.0,0.0,0.0,0.0,0.0
-193,pedestrian,4,1,19,187.589046,0.033467,-29.118994936603798,0.35096907463310273,-0.7522509953904108,7.376249780704516,-0.2056301541682809,0.2613012552635013,0.0,0.0,0.0,0.0,0.0,0.0,0.0
-193,pedestrian,4,1,20,187.62250699999998,0.033461,-29.10809420190845,0.32702204086039516,-0.7184110131812267,7.369689436152539,-0.1968103365593004,0.26459452826941543,0.0,0.0,0.0,0.0,0.0,0.0,0.0
-193,pedestrian,4,1,21,187.655958,0.033451,-29.097938607532225,0.3046678312867804,-0.6706262872084439,7.363412906662463,-0.18829588470229516,0.2554335557101565,0.0,0.0,0.0,0.0,0.0,0.0,0.0
-193,pedestrian,4,1,22,187.68941199999998,0.033454,-29.08848104949989,0.2837267409700575,-0.6282327095016854,7.357409049131596,-0.18011572592600425,0.2454047632887275,0.0,0.0,0.0,0.0,0.0,0.0,0.0
-193,pedestrian,4,1,23,187.72287999999998,0.033468,-29.0796745858669,0.2641939089897336,-0.5859849594097177,7.351668140194715,-0.1722272681064417,0.23665373458687639,0.0,0.0,0.0,0.0,0.0,0.0,0.0
-193,pedestrian,4,1,24,187.75634399999998,0.033464,-29.071475441535924,0.24597432992931853,-0.5465873718124521,7.346180509194943,-0.16462892999315526,0.22795014339859332,0.0,0.0,0.0,0.0,0.0,0.0,0.0
-193,pedestrian,4,1,25,187.789808,0.033464,-29.06384319550155,0.22896738103114594,-0.510208466945178,7.340935372189867,-0.15735411015225045,0.21824459522714382,0.0,0.0,0.0,0.0,0.0,0.0,0.0
-193,pedestrian,4,1,26,187.823274,0.033466,-29.056739640418385,0.2131066524950184,-0.4758218560838263,7.335923589423503,-0.15035348299094003,0.21001881483931298,0.0,0.0,0.0,0.0,0.0,0.0,0.0
-193,pedestrian,4,1,27,187.85673699999998,0.033463,-29.05012950709684,0.198303999646311,-0.44407958546122184,7.3311350781891385,-0.1436553370309466,0.20094437879980317,0.0,0.0,0.0,0.0,0.0,0.0,0.0
-193,pedestrian,4,1,28,187.89016099999998,0.033424,-29.043979434962917,0.1845021640177517,-0.4140550688567789,7.326561240446298,-0.13721513228521506,0.1932061423719462,0.0,0.0,0.0,0.0,0.0,0.0,0.0
-193,pedestrian,4,1,29,187.923623,0.033462,-29.0382586446795,0.17162370850246297,-0.3863536654586624,7.322192671359187,-0.13105707261334323,0.18474179015615505,0.0,0.0,0.0,0.0,0.0,0.0,0.0
-193,pedestrian,4,1,30,187.95711999999997,0.033497,-29.032938006034755,0.15961915934236615,-0.3601364748029053,7.318021315467198,-0.12514067675967142,0.17749187561015417,0.0,0.0,0.0,0.0,0.0,0.0,0.0
-193,pedestrian,4,1,31,187.990579,0.033459,-29.030493359619413,0.07333939246025563,-2.5883930064633156,7.315351227190519,-0.08010264830038524,1.3511408537785854,0.0,0.0,0.0,0.0,0.0,0.0,0.0
-193,pedestrian,4,1,32,188.024056,0.033477,-29.03072947802469,-0.007083552158315368,-2.41268833855713,7.3140933822225485,-0.03773534903911227,1.2710189778381893,0.0,0.0,0.0,0.0,0.0,0.0,0.0
-193,pedestrian,4,1,33,188.05751099999998,0.033455,-29.033464627359464,-0.08205448004322093,-2.2491278365471667,7.3141635566670615,0.00210523333539344,1.1952174712351713,0.0,0.0,0.0,0.0,0.0,0.0,0.0
-193,pedestrian,4,1,34,188.090996,0.033485,-29.038528990606142,-0.15193089740031612,-2.096292520712856,7.315483724958668,0.03960504874818172,1.1249944623836485,0.0,0.0,0.0,0.0,0.0,0.0,0.0
-193,pedestrian,4,1,35,188.12447799999998,0.033482,-29.045764861042883,-0.21707611310220287,-1.9543564710566028,7.317980419116194,0.07490082472578843,1.0588732793282012,0.0,0.0,0.0,0.0,0.0,0.0,0.0
-193,pedestrian,4,1,36,188.157928,0.03345,-29.052537868574124,-0.20319022593724934,0.4165766149486058,7.320241628147359,0.0678362709349673,-0.21193661372463402,0.0,0.0,0.0,0.0,0.0,0.0,0.0
-193,pedestrian,4,1,37,188.19141599999998,0.033488,-29.058878676518223,-0.19022423832302057,0.3889796284268633,7.322286879335302,0.06135753563830672,-0.19436205889981742,0.0,0.0,0.0,0.0,0.0,0.0,0.0
-193,pedestrian,4,1,38,188.224879,0.033463,-29.064816084729976,-0.1781222463525807,0.36305975911319605,7.324133638988178,0.055402789586250445,-0.1786423815616881,0.0,0.0,0.0,0.0,0.0,0.0,0.0
-193,pedestrian,4,1,39,188.258365,0.033486,-29.07037657658261,-0.16681475557905667,0.33922472320572084,7.325798594791753,0.04994867410727518,-0.16362346436925787,0.0,0.0,0.0,0.0,0.0,0.0,0.0
-193,pedestrian,4,1,40,188.291837,0.033472,-29.07558511355814,-0.15625610926586506,0.31675938939574866,7.32729657798566,0.044939495817179695,-0.15027534870286466,0.0,0.0,0.0,0.0,0.0,0.0,0.0
-193,pedestrian,4,1,41,188.325293,0.033456,-29.080464951756436,-0.14639514594890835,0.29582889950870167,7.328641349247612,0.04034313785856337,-0.1378907387584899,0.0,0.0,0.0,0.0,0.0,0.0,0.0
-193,pedestrian,4,1,42,188.358756,0.033463,-29.0850378889865,-0.13718811690188756,0.27621087141062334,7.329845953009575,0.036138112858887024,-0.12615074999029036,0.0,0.0,0.0,0.0,0.0,0.0,0.0
-193,pedestrian,4,1,43,188.39221799999999,0.033462,-29.089323728833712,-0.1285751954163766,0.25838764456532887,7.330922536062706,0.03229749159393796,-0.11521863794847204,0.0,0.0,0.0,0.0,0.0,0.0,0.0
-193,pedestrian,4,1,44,188.42568,0.033462,-29.093341214619514,-0.12052457357407143,0.24151865526915542,7.331881843971204,0.028779237254942632,-0.10554763016985977,0.0,0.0,0.0,0.0,0.0,0.0,0.0
-193,pedestrian,4,1,45,188.45914299999998,0.033463,-29.097107812721966,-0.11299794307351313,0.22579891501674867,7.332733799568831,0.025558667928810803,-0.09661707978395492,0.0,0.0,0.0,0.0,0.0,0.0,0.0
-193,pedestrian,4,1,46,188.492615,0.033472,-29.10063982510347,-0.10596037144512169,0.21112714885174316,7.333487602514902,0.02261408838213094,-0.08833738640039589,0.0,0.0,0.0,0.0,0.0,0.0,0.0
-193,pedestrian,4,1,47,188.526075,0.03346,-29.1039525206674,-0.09938086691780788,0.1973851358194142,7.334152001662075,0.019931974415197774,-0.08046341900799492,0.0,0.0,0.0,0.0,0.0,0.0,0.0
-193,pedestrian,4,1,48,188.559554,0.033479,-29.107059807932718,-0.09321861795958063,0.18486746874681778,7.334735098821271,0.017492914775869884,-0.07317178917983667,0.0,0.0,0.0,0.0,0.0,0.0,0.0
-193,pedestrian,4,1,49,188.59302699999998,0.033473,-29.10997491903307,-0.08745333301062123,0.17295854846878186,7.335244049979462,0.015268534745708735,-0.06673140090483445,0.0,0.0,0.0,0.0,0.0,0.0,0.0
-193,pedestrian,4,1,50,188.626514,0.033487,-29.112710273937484,-0.08206064713239855,0.16178057634668042,7.335685625093209,0.0132472534124129,-0.06063843999887507,0.0,0.0,0.0,0.0,0.0,0.0,0.0
-193,pedestrian,4,1,51,188.65998499999998,0.033471,-29.115277382095282,-0.07701324473397388,0.15142207195274035,7.3360658769929845,0.011407556993277454,-0.055190892574063344,0.0,0.0,0.0,0.0,0.0,0.0,0.0
-193,pedestrian,4,1,52,188.69344199999998,0.033457,-29.11768704464037,-0.07228987635264596,0.14170105143983777,7.33639053973449,0.009739882245165086,-0.050030242443371044,0.0,0.0,0.0,0.0,0.0,0.0,0.0
-193,pedestrian,4,1,53,188.726917,0.033475,-29.119949284909154,-0.06786720806354501,0.1326800486730285,7.33666472488618,0.008225554550709623,-0.04542983083366391,0.0,0.0,0.0,0.0,0.0,0.0,0.0
-193,pedestrian,4,1,54,188.76037599999998,0.033459,-29.122073507584393,-0.06372668025719894,0.12421583419038215,7.336893275349942,0.006856513912842589,-0.041071219136011035,0.0,0.0,0.0,0.0,0.0,0.0,0.0
-193,pedestrian,4,1,55,188.79383199999998,0.033456,-29.124068451090313,-0.05984830517757723,0.1163512523886513,7.337080497945218,0.005616677858271774,-0.03719508163712445,0.0,0.0,0.0,0.0,0.0,0.0,0.0
-193,pedestrian,4,1,56,188.827295,0.033463,-29.125942313106535,-0.05621586048661692,0.10897334072880935,7.3372304787965765,0.004499425540754249,-0.033517569525525724,0.0,0.0,0.0,0.0,0.0,0.0,0.0
-193,pedestrian,4,1,57,188.860754,0.033459,-29.127702719780835,-0.05281220022904776,0.10210980772707494,7.337346836529865,0.0034907319986610163,-0.030260806262796994,0.0,0.0,0.0,0.0,0.0,0.0,0.0
-193,pedestrian,4,1,58,188.89421499999997,0.033461,-29.12935683029728,-0.04962331549328973,0.09566654207274086,7.337433032502636,0.0025858791831247,-0.027145584466089483,0.0,0.0,0.0,0.0,0.0,0.0,0.0
-193,pedestrian,4,1,59,188.927673,0.033458,-29.13091135154534,-0.04663563744183631,0.08963034154360247,7.3374921721515545,0.0017741894675670795,-0.02435069146672861,0.0,0.0,0.0,0.0,0.0,0.0,0.0
-193,pedestrian,4,1,60,188.96113499999998,0.033462,-29.132372637303455,-0.04383857274344514,0.08391194095173517,7.337526857350158,0.0010405559581216344,-0.02200900528336335,0.0,0.0,0.0,0.0,0.0,0.0,0.0
-193,pedestrian,4,1,61,188.99459499999998,0.03346,-29.1337465105405,-0.04121619711138998,0.0786712689616548,7.337539768926845,0.000387347300610215,-0.019596259725342582,0.0,0.0,0.0,0.0,0.0,0.0,0.0
-193,pedestrian,4,1,62,189.028056,0.033461,-29.13503841426163,-0.03875711163389974,0.07377256432470713,7.33753334957596,-0.00019258052655428425,-0.017397834814934978,0.0,0.0,0.0,0.0,0.0,0.0,0.0
-193,pedestrian,4,1,63,189.06151899999998,0.033463,-29.136253461026474,-0.03645140294531907,0.0691712606574203,7.337509789127844,-0.0007068134434856638,-0.015426987507941388,0.0,0.0,0.0,0.0,0.0,0.0,0.0
-193,pedestrian,4,1,64,189.094982,0.033463,-29.13739651458124,-0.034291606642994715,0.06479388906973063,7.337470984506039,-0.0011641386541541316,-0.013719756320054032,0.0,0.0,0.0,0.0,0.0,0.0,0.0
-193,pedestrian,4,1,65,189.128444,0.033462,-29.13847201140471,-0.032264904704018986,0.060801058169271976,7.337418794538662,-0.0015656990213193992,-0.012046811014958027,0.0,0.0,0.0,0.0,0.0,0.0,0.0
-193,pedestrian,4,1,66,189.161902,0.033458,-29.139484124270886,-0.030363385985335018,0.05704556156051908,7.337354879190736,-0.0019174604377979266,-0.01055284249435582,0.0,0.0,0.0,0.0,0.0,0.0,0.0
-193,pedestrian,4,1,67,189.195361,0.033459,-29.14043682942744,-0.028581154696567867,0.05346693866301452,7.337280660697739,-0.002226554789912911,-0.009272830563449538,0.0,0.0,0.0,0.0,0.0,0.0,0.0
-193,pedestrian,4,1,68,189.22881999999998,0.033459,-29.1413337727726,-0.026908300354878997,0.0501856302506661,7.337197514867233,-0.0024943749151889972,-0.008034603758282584,0.0,0.0,0.0,0.0,0.0,0.0,0.0
-193,pedestrian,4,1,69,189.26227699999998,0.033457,-29.14217843131597,-0.02533975630104159,0.04705632161512226,7.337106612041177,-0.0027270847816697557,-0.006981295994422755,0.0,0.0,0.0,0.0,0.0,0.0,0.0
-193,pedestrian,4,1,70,189.29573699999997,0.03346,-29.142973992397273,-0.023866832439158662,0.044187715856487834,7.3370091040531795,-0.0029252396399322782,-0.005944645747875673,0.0,0.0,0.0,0.0,0.0,0.0,0.0
-193,pedestrian,4,1,71,189.329196,0.033459,-29.143723513750444,-0.022485640595107867,0.04143575532152383,7.336905994183399,-0.0030932960934131155,-0.005041693604425118,0.0,0.0,0.0,0.0,0.0,0.0,0.0
-193,pedestrian,4,1,72,189.362652,0.033456,-29.144429856501933,-0.02119028254460779,0.038860741515002246,7.33679812090464,-0.0032361983627874984,-0.00428706808123149,0.0,0.0,0.0,0.0,0.0,0.0,0.0
-193,pedestrian,4,1,73,189.39611,0.033458,-29.14509567577519,-0.0199745781976835,0.036471130407728695,7.336686281950594,-0.0033551686213969555,-0.0035691077582837103,0.0,0.0,0.0,0.0,0.0,0.0,0.0
-193,pedestrian,4,1,74,189.429567,0.033457,-29.14572339747446,-0.01883165097808091,0.03428781658807775,7.336571298541938,-0.003449502259682255,-0.00283000914855899,0.0,0.0,0.0,0.0,0.0,0.0,0.0
