id,agent_type,type,sim_state,tick_count,sim_time,delta_time,x,x_vel,x_acc,y,y_vel,y_acc,s,s_vel,s_acc,d,d_vel,d_acc,yaw
-228,pedestrian,4,1,1,273.006067,0.0,-28.464162130033323,1.0612130663253525,-5.244659473883269,9.474044896720665,-0.8471540623510863,0.648296353994271,0.0,0.0,0.0,0.0,0.0,0.0,0.0
-228,pedestrian,4,1,2,273.039564,0.033497,-28.434324634844003,0.8951248556796079,-4.98264631937234,9.446753102436695,-0.8187538285190936,0.8520070149597787,0.0,0.0,0.0,0.0,0.0,0.0,0.0
-228,pedestrian,4,1,3,273.073038,0.033474,-28.40970071723824,0.7387175281728579,-4.692219825202501,9.4205216095178,-0.7869447875668188,0.9542712285682446,0.0,0.0,0.0,0.0,0.0,0.0,0.0
-228,pedestrian,4,1,4,273.10653599999995,0.033498,-28.38997397097726,0.5918023878294993,-4.407454210300755,9.395436813798362,-0.7525438715831609,1.0320274795097364,0.0,0.0,0.0,0.0,0.0,0.0,0.0
-228,pedestrian,4,1,5,273.140023,0.033487,-28.374839810093004,0.4540248265276675,-4.133326839054954,9.371562898502232,-0.7162174588839076,1.0897923809775985,0.0,0.0,0.0,0.0,0.0,0.0,0.0
-228,pedestrian,4,1,6,273.17348699999997,0.033464,-28.364004869501816,0.3250482177355895,-3.86929826376234,9.348944607389033,-0.6785487333959552,1.1300617646385727,0.0,0.0,0.0,0.0,0.0,0.0,0.0
-228,pedestrian,4,1,7,273.20694799999995,0.033461,-28.35719078437188,0.20442255389808678,-3.6187699151250823,9.327611305594957,-0.6399990538222949,1.15649038720981,0.0,0.0,0.0,0.0,0.0,0.0,0.0
-228,pedestrian,4,1,8,273.240432,0.033484,-28.354133605060095,0.09171537935352624,-3.3812152363368164,9.3075802397599,-0.6009319750517036,1.1720123631177417,0.0,0.0,0.0,0.0,0.0,0.0,0.0
-228,pedestrian,4,1,9,273.273914,0.033482,-28.354582842947323,-0.013477136616837651,-3.1557754791109165,9.288858849021963,-0.5616417221381281,1.1787075874072628,0.0,0.0,0.0,0.0,0.0,0.0,0.0
-228,pedestrian,4,1,10,273.307376,0.033462,-28.358303494965984,-0.11161956055979849,-2.944272718288825,9.271446929044307,-0.5223575993296713,1.178523684253704,0.0,0.0,0.0,0.0,0.0,0.0,0.0
-228,pedestrian,4,1,11,273.34083999999996,0.033464,-28.365074417677285,-0.20312768133902126,-2.7452436233766835,9.255338301134183,-0.4832588373037413,1.1729628607778992,0.0,0.0,0.0,0.0,0.0,0.0,0.0
-228,pedestrian,4,1,12,273.374303,0.033463,-28.374686535985678,-0.288363549251745,-2.5570760373817123,9.240522867373553,-0.444463012818905,1.16387473454509,0.0,0.0,0.0,0.0,0.0,0.0,0.0
-228,pedestrian,4,1,13,273.407783,0.03348,-28.38694487411543,-0.3677501438925253,-2.381597839223409,9.226986191602846,-0.40610027312122765,1.1508821909303204,0.0,0.0,0.0,0.0,0.0,0.0,0.0
-228,pedestrian,4,1,14,273.441283,0.0335,-28.40166564152229,-0.4416230222057703,-2.216186349397351,9.214710928999684,-0.3682578780948227,1.1352718507921484,0.0,0.0,0.0,0.0,0.0,0.0,0.0
-228,pedestrian,4,1,15,273.47474,0.033457,-28.41867742310911,-0.5103534476046547,-2.0619127619665307,9.20367847297992,-0.33097368059290494,1.1185259250575323,0.0,0.0,0.0,0.0,0.0,0.0,0.0
-228,pedestrian,4,1,16,273.508226,0.033486,-28.43781948449106,-0.5742618414585825,-1.9172518156178342,9.193869178655042,-0.2942788297463593,1.1008455253963687,0.0,0.0,0.0,0.0,0.0,0.0,0.0
-228,pedestrian,4,1,17,273.54171099999996,0.033485,-28.45894144364301,-0.6336587745584515,-1.7819079929960708,9.185262113633739,-0.25821195063909014,1.0820063732180754,0.0,0.0,0.0,0.0,0.0,0.0,0.0
-228,pedestrian,4,1,18,273.575185,0.033474,-28.481901011968752,-0.6887870497722764,-1.653848256414747,9.17783701103592,-0.22275307793452018,1.0637661811370986,0.0,0.0,0.0,0.0,0.0,0.0,0.0
-228,pedestrian,4,1,19,273.60862499999996,0.03344,-28.506565304380658,-0.7399287723571303,-1.5342516775456156,9.171574681832357,-0.18786987610691008,1.0464960548283027,0.0,0.0,0.0,0.0,0.0,0.0,0.0
-228,pedestrian,4,1,20,273.642088,0.033463,-28.53280931188897,-0.7873202252493495,-1.421743586766578,9.16645694141752,-0.15353221244514267,1.0301299098530226,0.0,0.0,0.0,0.0,0.0,0.0,0.0
-228,pedestrian,4,1,21,273.675551,0.033463,-28.56051468535197,-0.8311612038899527,-1.3152293592180964,9.16246665897153,-0.11970847337972512,1.0147121719625267,0.0,0.0,0.0,0.0,0.0,0.0,0.0
-228,pedestrian,4,1,22,273.70901699999996,0.033466,-28.589570357344186,-0.871670159766499,-1.215268676296388,9.15958911029653,-0.08632646024999678,1.0014603938918503,0.0,0.0,0.0,0.0,0.0,0.0,0.0
-228,pedestrian,4,1,23,273.74249299999997,0.033476,-28.61666865519062,-0.8129489353929469,1.761636731206562,9.156975849137272,-0.07839783477774734,0.23785876416748333,0.0,0.0,0.0,0.0,0.0,0.0,0.0
-228,pedestrian,4,1,24,273.775991,0.033498,-28.641940988565857,-0.7581700012571209,1.6433680240747823,9.154606939497654,-0.07106728918852988,0.21991636767652378,0.0,0.0,0.0,0.0,0.0,0.0,0.0
-228,pedestrian,4,1,25,273.80947899999995,0.033488,-28.665509012265247,-0.7070407109816595,1.533878708263841,9.152464122638817,-0.06428450576510497,0.20348350270274732,0.0,0.0,0.0,0.0,0.0,0.0,0.0
-228,pedestrian,4,1,26,273.842925,0.033446,-28.6874867208646,-0.6593312579806331,1.4312835900307956,9.150530698530485,-0.058002723249961266,0.18845347545431104,0.0,0.0,0.0,0.0,0.0,0.0,0.0
-228,pedestrian,4,1,27,273.87640999999996,0.033485,-28.707980465673998,-0.6148123442819415,1.335567410960748,9.148790986768041,-0.05219135287328876,0.1743411113001753,0.0,0.0,0.0,0.0,0.0,0.0,0.0
-228,pedestrian,4,1,28,273.909859,0.033449,-28.72708972183691,-0.573277684887402,1.246039781836184,9.14722969986815,-0.04683860699674779,0.16058237629622887,0.0,0.0,0.0,0.0,0.0,0.0,0.0
-228,pedestrian,4,1,29,273.943333,0.033474,-28.74490660251411,-0.5345064203159914,1.163137937142321,9.145832855723999,-0.04190532432457346,0.14799848016522993,0.0,0.0,0.0,0.0,0.0,0.0,0.0
-228,pedestrian,4,1,30,273.97682,0.033487,-28.7615177692607,-0.4983350023976557,1.085142537550071,9.144587201945827,-0.03736961334515567,0.13607132938253363,0.0,0.0,0.0,0.0,0.0,0.0,0.0
-228,pedestrian,4,1,31,274.01028799999995,0.033468,-28.77700374345654,-0.46457922587518263,1.012673295674192,9.143480976861952,-0.03318675251625143,0.12548582486712725,0.0,0.0,0.0,0.0,0.0,0.0,0.0
-228,pedestrian,4,1,32,274.043753,0.033465,-28.791439695850364,-0.4330785718147361,0.9450196218133963,9.142503145551306,-0.02933493931936597,0.1155543959065638,0.0,0.0,0.0,0.0,0.0,0.0,0.0
-228,pedestrian,4,1,33,274.07723,0.033477,-28.804896047827956,-0.40369055932778897,0.8816403746084142,9.141642948103364,-0.025805923438245823,0.10587047643360437,0.0,0.0,0.0,0.0,0.0,0.0,0.0
-228,pedestrian,4,1,34,274.11071,0.03348,-28.817438214672816,-0.3762650053457491,0.8227666194611964,9.140890804536934,-0.02256430699292727,0.0972484933595566,0.0,0.0,0.0,0.0,0.0,0.0,0.0
-228,pedestrian,4,1,35,274.14419699999996,0.033487,-28.82912728864812,-0.35067221925913605,0.7677835825983902,9.1402371136401,-0.01961072690497188,0.08860740263866167,0.0,0.0,0.0,0.0,0.0,0.0,0.0
-228,pedestrian,4,1,36,274.177685,0.033488,-28.840020305150986,-0.32679049508600155,0.7164517251940357,9.13967366518228,-0.016903453734642585,0.08121819510987889,0.0,0.0,0.0,0.0,0.0,0.0,0.0
-228,pedestrian,4,1,37,274.21115699999996,0.033472,-28.850170777262967,-0.3045141633594363,0.6682899517969564,9.139192387667268,-0.014438325450313774,0.07395384852986435,0.0,0.0,0.0,0.0,0.0,0.0,0.0
-228,pedestrian,4,1,38,274.244642,0.033485,-28.859628608934784,-0.283734950154515,0.6233763961476405,9.138785867933375,-0.012195592016779232,0.06728200300603626,0.0,0.0,0.0,0.0,0.0,0.0,0.0
-228,pedestrian,4,1,39,274.27808799999997,0.033446,-28.868440156198723,-0.2643464179181274,0.5816559670916285,9.138447584254209,-0.010148510375016814,0.061412449252872536,0.0,0.0,0.0,0.0,0.0,0.0,0.0
-228,pedestrian,4,1,40,274.31156599999997,0.033478,-28.87664890689527,-0.24626252089641948,0.5425169106512379,9.138171163166287,-0.008292632637616912,0.05567633212199707,0.0,0.0,0.0,0.0,0.0,0.0,0.0
-228,pedestrian,4,1,41,274.34505299999995,0.033487,-28.884295246456592,-0.22939018683968262,0.5061700217021053,9.137951018614405,-0.006604336556487094,0.050648882433894545,0.0,0.0,0.0,0.0,0.0,0.0,0.0
-228,pedestrian,4,1,42,274.378539,0.033486,-28.891417108934906,-0.21365587434940334,0.47202937470837836,9.137781634802836,-0.005081514347046281,0.0456846662832244,0.0,0.0,0.0,0.0,0.0,0.0,0.0
-228,pedestrian,4,1,43,274.41200399999997,0.033465,-28.898049896060247,-0.19898361376019233,0.44016781767633034,9.13765793110719,-0.0037111108693964326,0.04111210432949545,0.0,0.0,0.0,0.0,0.0,0.0,0.0
-228,pedestrian,4,1,44,274.44546699999995,0.033463,-28.904226613256256,-0.1853015158802425,0.4104629363984953,9.137575279927784,-0.002479535382215496,0.036947264615428105,0.0,0.0,0.0,0.0,0.0,0.0,0.0
-228,pedestrian,4,1,45,274.47893799999997,0.033471,-28.9099778805801,-0.17253801971533533,0.3829048849472145,9.13752962878427,-0.0013695343054146091,0.0333000323040266,0.0,0.0,0.0,0.0,0.0,0.0,0.0
-228,pedestrian,4,1,46,274.512414,0.033476,-28.915332415273337,-0.16063604079702734,0.35705936754923967,9.13751680250589,-0.00038478835136308235,0.029542378621545805,0.0,0.0,0.0,0.0,0.0,0.0,0.0
-228,pedestrian,4,1,47,274.545895,0.033481,-28.920317106645932,-0.1495407411778941,0.33285898857399715,9.137533168617034,0.0004909833343027388,0.026273150569974636,0.0,0.0,0.0,0.0,0.0,0.0,0.0
-228,pedestrian,4,1,48,274.579364,0.033469,-28.92495704525595,-0.13919815830052573,0.310277486321051,9.1375753982143,0.0012668879179627743,0.023277137509801066,0.0,0.0,0.0,0.0,0.0,0.0,0.0
-228,pedestrian,4,1,49,274.612849,0.033485,-28.92927564215051,-0.12955790683676102,0.28920754391294146,9.137640444888637,0.0019514002300924857,0.02053536936389134,0.0,0.0,0.0,0.0,0.0,0.0,0.0
-228,pedestrian,4,1,50,274.646324,0.033475,-28.93329474071329,-0.12057295688332781,0.26954849860299623,9.137725522954351,0.0025523419714068123,0.0180282522394298,0.0,0.0,0.0,0.0,0.0,0.0,0.0
-228,pedestrian,4,1,51,274.679804,0.03348,-28.93703469187853,-0.11219853495720256,0.2512326577837577,9.137828126562814,0.0030781082538840657,0.015772988474317604,0.0,0.0,0.0,0.0,0.0,0.0,0.0
-228,pedestrian,4,1,52,274.713287,0.033483,-28.940514365838766,-0.10439021880707011,0.23424948450397315,9.137946119972028,0.0035398022764140005,0.013850820675898044,0.0,0.0,0.0,0.0,0.0,0.0,0.0
-228,pedestrian,4,1,53,274.746768,0.033481,-28.943751518874354,-0.09711459106760609,0.21826883218392054,9.138077364905762,0.003937348012002425,0.01192637206765275,0.0,0.0,0.0,0.0,0.0,0.0,0.0
-228,pedestrian,4,1,54,274.78024899999997,0.033481,-28.946762714473238,-0.09033586796652991,0.2033616930322852,9.13821991726909,0.0042765708998875815,0.010176686636554681,0.0,0.0,0.0,0.0,0.0,0.0,0.0
-228,pedestrian,4,1,55,274.813725,0.033476,-28.94956343360884,-0.08402157406810119,0.18942881695286168,9.138372005686188,0.004562652512932038,0.008582448391333718,0.0,0.0,0.0,0.0,0.0,0.0,0.0
-228,pedestrian,4,1,56,274.847201,0.033476,-28.952168222025694,-0.07814365250560654,0.1763376468748399,9.138532001576834,0.004799876719403927,0.007116726194156663,0.0,0.0,0.0,0.0,0.0,0.0,0.0
-228,pedestrian,4,1,57,274.880681,0.03348,-28.954590497766567,-0.07266827222619997,0.16426140838219713,9.138698463678692,0.004993863055725877,0.005819590089658504,0.0,0.0,0.0,0.0,0.0,0.0,0.0
-228,pedestrian,4,1,58,274.91414999999995,0.033469,-28.956842775070523,-0.06756831911873244,0.15299859322402568,9.138870090559333,0.005148806419255751,0.0046483009058962245,0.0,0.0,0.0,0.0,0.0,0.0,0.0
-228,pedestrian,4,1,59,274.94762999999995,0.03348,-28.958936724324037,-0.06281847760544458,0.14249524539863603,9.139045709858912,0.0052685789873668275,0.003593177043332282,0.0,0.0,0.0,0.0,0.0,0.0,0.0
-228,pedestrian,4,1,60,274.98107999999996,0.03345,-28.960883228420908,-0.05839512290612629,0.1327006409795486,9.139224267354388,0.005356724864275633,0.002644376307264163,0.0,0.0,0.0,0.0,0.0,0.0,0.0
-228,pedestrian,4,1,61,275.014598,0.033518,-28.96269243478357,-0.05427619087985847,0.12356796078803461,9.139404818357622,0.005416530097053731,0.0017941569833429157,0.0,0.0,0.0,0.0,0.0,0.0,0.0
-228,pedestrian,4,1,62,275.04808499999996,0.033487,-28.96437382613962,-0.05044174068150515,0.11503350595059977,9.139586491213954,0.0054501856899757,0.0010096677876590616,0.0,0.0,0.0,0.0,0.0,0.0,0.0
-228,pedestrian,4,1,63,275.08156899999994,0.033484,-28.9659363022297,-0.04687428270234387,0.10702373937483846,9.139768436979741,0.005458372973632333,0.00024561850969900383,0.0,0.0,0.0,0.0,0.0,0.0,0.0
-228,pedestrian,4,1,64,275.115026,0.033457,-28.967388074869106,-0.04355317918219436,0.09963310560448513,9.139950000342017,0.005446900868239834,-0.0003441631617749585,0.0,0.0,0.0,0.0,0.0,0.0,0.0
-228,pedestrian,4,1,65,275.14849799999996,0.033472,-28.968736817811802,-0.04046228828082899,0.09272672704096106,9.140130598223138,0.005417936433612741,-0.0008689330388127991,0.0,0.0,0.0,0.0,0.0,0.0,0.0
-228,pedestrian,4,1,66,275.181985,0.033487,-28.96998973261454,-0.03758744408215446,0.08624532596023582,9.14030970665444,0.005373252939087096,-0.0013405048357693716,0.0,0.0,0.0,0.0,0.0,0.0,0.0
-228,pedestrian,4,1,67,275.215451,0.033466,-28.97115345862528,-0.03491178032223032,0.08026991279772427,9.140486880207444,0.005315206590090655,-0.0017413904698932111,0.0,0.0,0.0,0.0,0.0,0.0,0.0
-228,pedestrian,4,1,68,275.24890999999997,0.033459,-28.972234200300544,-0.032422250257870225,0.07468590193080293,9.140661711034667,0.0052449248166796655,-0.002108453202329692,0.0,0.0,0.0,0.0,0.0,0.0,0.0
-228,pedestrian,4,1,69,275.282382,0.033472,-28.973237779596143,-0.03010737886792339,0.069446141698405,9.14083379734482,0.005162589304584026,-0.0024700653628691956,0.0,0.0,0.0,0.0,0.0,0.0,0.0
-228,pedestrian,4,1,70,275.31584,0.033458,-28.97416956200833,-0.027953472365614362,0.06461719506927083,9.141002860804477,0.005071903789696256,-0.002720565446633094,0.0,0.0,0.0,0.0,0.0,0.0,0.0
-228,pedestrian,4,1,71,275.34944399999995,0.033604,-28.975034560968542,-0.025949968806364576,0.06010510677749358,9.141168662516586,0.004974051363288161,-0.0029355727922428607,0.0,0.0,0.0,0.0,0.0,0.0,0.0
-228,pedestrian,4,1,72,275.38289199999997,0.033448,-28.975837478856555,-0.024087536640415425,0.05587296497847452,9.141330993877723,0.004869940834135067,-0.003123315874592817,0.0,0.0,0.0,0.0,0.0,0.0,0.0
-228,pedestrian,4,1,73,275.41637699999995,0.033485,-28.97658266173548,-0.022355486367822034,0.0519615081778017,9.141489676916498,0.004760491163235241,-0.00328349012699479,0.0,0.0,0.0,0.0,0.0,0.0,0.0
-228,pedestrian,4,1,74,275.44983499999995,0.033458,-28.977274186797946,-0.02074575187394071,0.04829203481643973,9.141644531992643,0.004645652284376314,-0.0034451663657677914,0.0,0.0,0.0,0.0,0.0,0.0,0.0
-228,pedestrian,4,1,75,275.483304,0.033469,-28.977915818961712,-0.01924896491302923,0.04490360882734452,9.141795461545206,0.004527886576853132,-0.003532971225695462,0.0,0.0,0.0,0.0,0.0,0.0,0.0
