id,agent_type,type,sim_state,tick_count,sim_time,delta_time,x,x_vel,x_acc,y,y_vel,y_acc,s,s_vel,s_acc,d,d_vel,d_acc,yaw
77,pedestrian,1,2,1,287.7875,0.0,9.168255194323137,1.2748638964161338,0,2.8559876419603825,-0.8744028739045012,0,0.0,0.0,0.0,0.0,0.0,0.0,200.4607437824211
77,pedestrian,1,2,2,287.822486,0.034986,9.115829072112735,1.2748638964161338,0,2.835017191606441,-0.8744028739045012,0,0.0,0.0,0.0,0.0,0.0,0.0,200.4607437824211
77,pedestrian,1,2,3,287.85593500000004,0.033449,9.065704770493276,1.2748638964161338,0,2.814967471338415,-0.8744028739045012,0,0.0,0.0,0.0,0.0,0.0,0.0,200.4607437824211
77,pedestrian,1,2,4,287.88941700000004,0.033482,9.016076994267145,1.2748638964161338,0,2.7948985405228615,-0.8744028739045012,0,0.0,0.0,0.0,0.0,0.0,0.0,200.4607437824211
77,pedestrian,1,2,5,287.922926,0.033509,8.975319570971841,1.2748638964161338,0,2.775400516295123,-0.8744028739045012,0,0.0,0.0,0.0,0.0,0.0,0.0,200.4607437824211
77,pedestrian,1,2,6,287.956408,0.033482,8.92514583502278,1.2748638964161338,0,2.7647438965137274,-0.8744028739045012,0,0.0,0.0,0.0,0.0,0.0,0.0,200.4607437824211
77,pedestrian,1,2,7,287.989861,0.033453,8.875016965236256,1.2748638964161338,0,2.7446923497177806,-0.8744028739045012,0,0.0,0.0,0.0,0.0,0.0,0.0,200.4607437824211
77,pedestrian,1,2,8,288.023325,0.033464,8.824871510447819,1.2748638964161338,0,2.7246341657755857,-0.8744028739045012,0,0.0,0.0,0.0,0.0,0.0,0.0,200.4607437824211
77,pedestrian,1,2,9,288.056798,0.033473,8.774711273349476,1.2748638964161338,0,2.7045700723661454,-0.8744028739045012,0,0.0,0.0,0.0,0.0,0.0,0.0,200.4607437824211
77,pedestrian,1,2,10,288.090272,0.033474,8.725291787417271,1.2748638964161338,0,2.685246788449056,-0.8744028739045012,0,0.0,0.0,0.0,0.0,0.0,0.0,200.4607437824211
77,pedestrian,1,2,11,288.12374600000004,0.033474,8.684390481747458,1.2748638964161338,0,2.6744417553976305,-0.8744028739045012,0,0.0,0.0,0.0,0.0,0.0,0.0,200.4607437824211
77,pedestrian,1,2,12,288.15722,0.033474,8.634228760844573,1.2748638964161338,0,2.654377067482862,-0.8744028739045012,0,0.0,0.0,0.0,0.0,0.0,0.0,200.4607437824211
77,pedestrian,1,2,13,288.190694,0.033474,8.584068422457147,1.2748638964161338,0,2.634312931929558,-0.8744028739045012,0,0.0,0.0,0.0,0.0,0.0,0.0,200.4607437824211
77,pedestrian,1,2,14,288.224168,0.033474,8.53390795441194,1.2748638964161338,0,2.614248745650771,-0.8744028739045012,0,0.0,0.0,0.0,0.0,0.0,0.0,200.4607437824211
77,pedestrian,1,2,15,288.25764100000004,0.033473,8.483747745825855,1.2748638964161338,0,2.595086149914466,-0.8744028739045012,0,0.0,0.0,0.0,0.0,0.0,0.0,200.4607437824211
77,pedestrian,1,2,16,288.29111600000005,0.033475,8.434519766908647,1.2748638964161338,0,2.584119925958949,-0.8744028739045012,0,0.0,0.0,0.0,0.0,0.0,0.0,200.4607437824211
77,pedestrian,1,2,17,288.32459,0.033474,8.393425427426537,1.2748638964161338,0,2.564055732620868,-0.8744028739045012,0,0.0,0.0,0.0,0.0,0.0,0.0,200.4607437824211
77,pedestrian,1,2,18,288.358062,0.033472,8.343266732157126,1.2748638964161338,0,2.5439922568219453,-0.8744028739045012,0,0.0,0.0,0.0,0.0,0.0,0.0,200.4607437824211
77,pedestrian,1,2,19,288.391538,0.033476,8.293103397408327,1.2748638964161338,0,2.523926923161828,-0.8744028739045012,0,0.0,0.0,0.0,0.0,0.0,0.0,200.4607437824211
77,pedestrian,1,2,20,288.42501200000004,0.033474,8.24294290100316,1.2748638964161338,0,2.504925182535993,-0.8744028739045012,0,0.0,0.0,0.0,0.0,0.0,0.0,200.4607437824211
77,pedestrian,1,2,21,288.45848700000005,0.033475,8.19277972393732,1.2748638964161338,0,2.493797452730515,-0.8744028739045012,0,0.0,0.0,0.0,0.0,0.0,0.0,200.4607437824211
77,pedestrian,1,2,22,288.49192200000005,0.033435,8.143793299881866,1.2748638964161338,0,2.473756693411663,-0.8744028739045012,0,0.0,0.0,0.0,0.0,0.0,0.0,200.4607437824211
77,pedestrian,1,2,23,288.52540600000003,0.033484,8.102502332080205,1.2748638964161338,0,2.453686494898607,-0.8744028739045012,0,0.0,0.0,0.0,0.0,0.0,0.0,200.4607437824211
77,pedestrian,1,2,24,288.558891,0.033485,8.052324184623725,1.2748638964161338,0,2.4336152363531744,-0.8744028739045012,0,0.0,0.0,0.0,0.0,0.0,0.0,200.4607437824211
77,pedestrian,1,2,25,288.592355,0.033464,8.00217883119271,1.2748638964161338,0,2.4147723680717434,-0.8744028739045012,0,0.0,0.0,0.0,0.0,0.0,0.0,200.4607437824211
77,pedestrian,1,2,26,288.62581,0.033455,7.952046778412582,1.2748638964161338,0,2.4035042745972786,-0.8744028739045012,0,0.0,0.0,0.0,0.0,0.0,0.0,200.4607437824211
77,pedestrian,1,2,27,288.659284,0.033474,7.901885128220849,1.2748638964161338,0,2.383439614734883,-0.8744028739045012,0,0.0,0.0,0.0,0.0,0.0,0.0,200.4607437824211
77,pedestrian,1,2,28,288.692759,0.033475,7.853029672328222,1.2748638964161338,0,2.363374879752651,-0.8744028739045012,0,0.0,0.0,0.0,0.0,0.0,0.0,200.4607437824211
77,pedestrian,1,2,29,288.72623300000004,0.033474,7.811562752653136,1.2748638964161338,0,2.3433106645001094,-0.8744028739045012,0,0.0,0.0,0.0,0.0,0.0,0.0,200.4607437824211
77,pedestrian,1,2,30,288.75970800000005,0.033475,7.761399617906799,1.2748638964161338,0,2.323245409423189,-0.8744028739045012,0,0.0,0.0,0.0,0.0,0.0,0.0,200.4607437824211
77,pedestrian,1,2,31,288.793182,0.033474,7.711239280203401,1.2748638964161338,0,2.3045844567293368,-0.8744028739045012,0,0.0,0.0,0.0,0.0,0.0,0.0,200.4607437824211
77,pedestrian,1,2,32,288.82669000000004,0.033508,7.66102777693547,1.2748638964161338,0,2.293096673719626,-0.8744028739045012,0,0.0,0.0,0.0,0.0,0.0,0.0,200.4607437824211
77,pedestrian,1,2,33,288.86014800000004,0.033458,7.610890132752345,1.2748638964161338,0,2.2730416166423244,-0.8744028739045012,0,0.0,0.0,0.0,0.0,0.0,0.0,200.4607437824211
77,pedestrian,1,2,34,288.89358300000004,0.033435,7.562281627888109,1.2748638964161338,0,2.2530008587726646,-0.8744028739045012,0,0.0,0.0,0.0,0.0,0.0,0.0,200.4607437824211
77,pedestrian,1,2,35,288.92708500000003,0.033502,7.5205857100826625,1.2748638964161338,0,2.2329198472806846,-0.8744028739045012,0,0.0,0.0,0.0,0.0,0.0,0.0,200.4607437824211
77,pedestrian,1,2,36,288.96054100000003,0.033456,7.470451076316049,1.2748638964161338,0,2.2144268170450556,-0.8744028739045012,0,0.0,0.0,0.0,0.0,0.0,0.0,200.4607437824211
77,pedestrian,1,2,37,288.994009,0.033468,7.420299729191194,1.2748638964161338,0,2.20280545522228,-0.8744028739045012,0,0.0,0.0,0.0,0.0,0.0,0.0,200.4607437824211
77,pedestrian,1,2,38,289.027482,0.033473,7.370140646091363,1.2748638964161338,0,2.1827418205184594,-0.8744028739045012,0,0.0,0.0,0.0,0.0,0.0,0.0,200.4607437824211
77,pedestrian,1,2,39,289.06095500000004,0.033473,7.319980550920454,1.2748638964161338,0,2.162677784426044,-0.8744028739045012,0,0.0,0.0,0.0,0.0,0.0,0.0,200.4607437824211
77,pedestrian,1,2,40,289.09443400000004,0.033479,7.271501215993428,1.2748638964161338,0,2.1426106517436483,-0.8744028739045012,0,0.0,0.0,0.0,0.0,0.0,0.0,200.4607437824211
77,pedestrian,1,2,41,289.12791000000004,0.033476,7.229649127770552,1.2748638964161338,0,2.124266427249128,-0.8744028739045012,0,0.0,0.0,0.0,0.0,0.0,0.0,200.4607437824211
77,pedestrian,1,2,42,289.161384,0.033474,7.17948755027155,1.2748638964161338,0,2.112480581917745,-0.8744028739045012,0,0.0,0.0,0.0,0.0,0.0,0.0,200.4607437824211
77,pedestrian,1,2,43,289.19486,0.033476,7.129324214871576,1.2748638964161338,0,2.092415247751927,-0.8744028739045012,0,0.0,0.0,0.0,0.0,0.0,0.0,200.4607437824211
77,pedestrian,1,2,44,289.22834400000005,0.033484,7.079148619287382,1.2748638964161338,0,2.0723450102880436,-0.8744028739045012,0,0.0,0.0,0.0,0.0,0.0,0.0,200.4607437824211
77,pedestrian,1,2,45,289.261817,0.033473,7.0289885541558474,1.2748638964161338,0,2.0522809833309625,-0.8744028739045012,0,0.0,0.0,0.0,0.0,0.0,0.0,200.4607437824211
77,pedestrian,1,2,46,289.295296,0.033479,6.980707617578958,1.2748638964161338,0,2.034100746536385,-0.8744028739045012,0,0.0,0.0,0.0,0.0,0.0,0.0,200.4607437824211
77,pedestrian,1,2,47,289.32878,0.033484,6.938645112079261,1.2748638964161338,0,2.0221436080136588,-0.8744028739045012,0,0.0,0.0,0.0,0.0,0.0,0.0,200.4607437824211
77,pedestrian,1,2,48,289.362254,0.033474,6.88848356389792,1.2748638964161338,0,2.002078988296403,-0.8744028739045012,0,0.0,0.0,0.0,0.0,0.0,0.0,200.4607437824211
77,pedestrian,1,2,49,289.39573,0.033476,6.8383202289132345,1.2748638964161338,0,1.9820136545471922,-0.8744028739045012,0,0.0,0.0,0.0,0.0,0.0,0.0,200.4607437824211
77,pedestrian,1,2,50,289.429204,0.033474,6.788159588151315,1.2748638964161338,0,1.961949398000921,-0.8744028739045012,0,0.0,0.0,0.0,0.0,0.0,0.0,200.4607437824211
77,pedestrian,1,2,51,289.46267700000004,0.033473,6.73799955235637,1.2748638964161338,0,1.9439365119924426,-0.8744028739045012,0,0.0,0.0,0.0,0.0,0.0,0.0,200.4607437824211
77,pedestrian,1,2,52,289.49615,0.033473,6.689923609598317,1.2748638964161338,0,1.9318218464351296,-0.8744028739045012,0,0.0,0.0,0.0,0.0,0.0,0.0,200.4607437824211
77,pedestrian,1,2,53,289.529624,0.033474,6.647680058752474,1.2748638964161338,0,1.911757586704632,-0.8744028739045012,0,0.0,0.0,0.0,0.0,0.0,0.0,200.4607437824211
77,pedestrian,1,2,54,289.563097,0.033473,6.597520037531175,1.2748638964161338,0,1.8916935772345687,-0.8744028739045012,0,0.0,0.0,0.0,0.0,0.0,0.0,200.4607437824211
77,pedestrian,1,2,55,289.59657100000004,0.033474,6.547359699116196,1.2748638964161338,0,1.8716294424596043,-0.8744028739045012,0,0.0,0.0,0.0,0.0,0.0,0.0,200.4607437824211
77,pedestrian,1,2,56,289.630044,0.033473,6.497200527891332,1.2748638964161338,0,1.8537767071753644,-0.8744028739045012,0,0.0,0.0,0.0,0.0,0.0,0.0,200.4607437824211
77,pedestrian,1,2,57,289.663518,0.033474,6.447039022887795,1.2748638964161338,0,1.841501170101142,-0.8744028739045012,0,0.0,0.0,0.0,0.0,0.0,0.0,200.4607437824211
77,pedestrian,1,2,58,289.69699,0.033472,6.399156383484544,1.2748638964161338,0,1.8214382344140794,-0.8744028739045012,0,0.0,0.0,0.0,0.0,0.0,0.0,200.4607437824211
77,pedestrian,1,2,59,289.73046300000004,0.033473,6.35672249609474,1.2748638964161338,0,1.8013745599864657,-0.8744028739045012,0,0.0,0.0,0.0,0.0,0.0,0.0,200.4607437824211
77,pedestrian,1,2,60,289.763936,0.033473,6.306562504150869,1.2748638964161338,0,1.7813105656138,-0.8744028739045012,0,0.0,0.0,0.0,0.0,0.0,0.0,200.4607437824211
77,pedestrian,1,2,61,289.797405,0.033469,6.2564096586906155,1.2748638964161338,0,1.7636185342986852,-0.8744028739045012,0,0.0,0.0,0.0,0.0,0.0,0.0,200.4607437824211
77,pedestrian,1,2,62,289.83087800000004,0.033473,6.206250459059589,1.2748638964161338,0,1.751185745502495,-0.8744028739045012,0,0.0,0.0,0.0,0.0,0.0,0.0,200.4607437824211
77,pedestrian,1,2,63,289.86435,0.033472,6.156091978929378,1.2748638964161338,0,1.731122354260189,-0.8744028739045012,0,0.0,0.0,0.0,0.0,0.0,0.0,200.4607437824211
77,pedestrian,1,2,64,289.897824,0.033474,6.108396351116275,1.2748638964161338,0,1.711058219960454,-0.8744028739045012,0,0.0,0.0,0.0,0.0,0.0,0.0,200.4607437824211
77,pedestrian,1,2,65,289.93129700000003,0.033473,6.065772426786208,1.2748638964161338,0,1.6909945340037547,-0.8744028739045012,0,0.0,0.0,0.0,0.0,0.0,0.0,200.4607437824211
77,pedestrian,1,2,66,289.96477000000004,0.033473,6.015612463138305,1.2748638964161338,0,1.6734590942838907,-0.8744028739045012,0,0.0,0.0,0.0,0.0,0.0,0.0,200.4607437824211
77,pedestrian,1,2,67,289.998243,0.033473,5.965453624213078,1.2748638964161338,0,1.660867012568195,-0.8744028739045012,0,0.0,0.0,0.0,0.0,0.0,0.0,200.4607437824211
77,pedestrian,1,2,68,290.031722,0.033479,5.915285404533036,1.2748638964161338,0,1.6407997253398119,-0.8744028739045012,0,0.0,0.0,0.0,0.0,0.0,0.0,200.4607437824211
77,pedestrian,1,2,69,290.065195,0.033473,5.865125454672672,1.2748638964161338,0,1.6207357458007232,-0.8744028739045012,0,0.0,0.0,0.0,0.0,0.0,0.0,200.4607437824211
77,pedestrian,1,2,70,290.09866700000003,0.033472,5.8176255299100434,1.2748638964161338,0,1.6006728086332074,-0.8744028739045012,0,0.0,0.0,0.0,0.0,0.0,0.0,200.4607437824211
77,pedestrian,1,2,71,290.13214000000005,0.033473,5.774808871818487,1.2748638964161338,0,1.5832983754032393,-0.8744028739045012,0,0.0,0.0,0.0,0.0,0.0,0.0,200.4607437824211
77,pedestrian,1,2,72,290.165613,0.033473,5.724648936537542,1.2748638964161338,0,1.570545137311179,-0.8744028739045012,0,0.0,0.0,0.0,0.0,0.0,0.0,200.4607437824211
77,pedestrian,1,2,73,290.199093,0.03348,5.674479607506368,1.2748638964161338,0,1.5504774048128627,-0.8744028739045012,0,0.0,0.0,0.0,0.0,0.0,0.0,200.4607437824211
77,pedestrian,1,2,74,290.232573,0.03348,5.624309861315774,1.2748638964161338,0,1.5304095064951673,-0.8744028739045012,0,0.0,0.0,0.0,0.0,0.0,0.0,200.4607437824211
77,pedestrian,1,2,75,290.266046,0.033473,5.574149940538791,1.2748638964161338,0,1.5103455386326239,-0.8744028739045012,0,0.0,0.0,0.0,0.0,0.0,0.0,200.4607437824211
77,pedestrian,1,2,76,290.29952000000003,0.033474,5.5268427210394915,1.2748638964161338,0,1.4931345222729164,-0.8744028739045012,0,0.0,0.0,0.0,0.0,0.0,0.0,200.4607437824211
77,pedestrian,1,2,77,290.33299300000004,0.033473,5.4838303300363815,1.2748638964161338,0,1.4802176966493918,-0.8744028739045012,0,0.0,0.0,0.0,0.0,0.0,0.0,200.4607437824211
77,pedestrian,1,2,78,290.366468,0.033475,5.433667427549847,1.2748638964161338,0,1.460152534021059,-0.8744028739045012,0,0.0,0.0,0.0,0.0,0.0,0.0,200.4607437824211
77,pedestrian,1,2,79,290.399945,0.033477,5.38350259434221,1.2748638964161338,0,1.4400866013370937,-0.8744028739045012,0,0.0,0.0,0.0,0.0,0.0,0.0,200.4607437824211
77,pedestrian,1,2,80,290.43342,0.033475,5.333340311272978,1.2748638964161338,0,1.4200216884704335,-0.8744028739045012,0,0.0,0.0,0.0,0.0,0.0,0.0,200.4607437824211
77,pedestrian,1,2,81,290.46689200000003,0.033472,5.283181918427773,1.2748638964161338,0,1.4029729857119244,-0.8744028739045012,0,0.0,0.0,0.0,0.0,0.0,0.0,200.4607437824211
77,pedestrian,1,2,82,290.500377,0.033485,5.23605511673332,1.2748638964161338,0,1.38988760224201,-0.8744028739045012,0,0.0,0.0,0.0,0.0,0.0,0.0,200.4607437824211
77,pedestrian,1,2,83,290.533839,0.033462,5.192862279716127,1.2748638964161338,0,1.3698304753869217,-0.8744028739045012,0,0.0,0.0,0.0,0.0,0.0,0.0,200.4607437824211
77,pedestrian,1,2,84,290.567314,0.033475,5.142699405733839,1.2748638964161338,0,1.3497653259965072,-0.8744028739045012,0,0.0,0.0,0.0,0.0,0.0,0.0,200.4607437824211
77,pedestrian,1,2,85,290.600787,0.033473,5.092540565940635,1.2748638964161338,0,1.3297017909650048,-0.8744028739045012,0,0.0,0.0,0.0,0.0,0.0,0.0,200.4607437824211
77,pedestrian,1,2,86,290.63426100000004,0.033474,5.042379752150147,1.2748638964161338,0,1.3128125532850325,-0.8744028739045012,0,0.0,0.0,0.0,0.0,0.0,0.0,200.4607437824211
77,pedestrian,1,2,87,290.667753,0.033492,4.992191418069456,1.2748638964161338,0,1.299562131124287,-0.8744028739045012,0,0.0,0.0,0.0,0.0,0.0,0.0,200.4607437824211
77,pedestrian,1,2,88,290.701226,0.033473,4.945277101746375,1.2748638964161338,0,1.2794985951395799,-0.8744028739045012,0,0.0,0.0,0.0,0.0,0.0,0.0,200.4607437824211
77,pedestrian,1,2,89,290.73469900000003,0.033473,4.901873249000022,1.2748638964161338,0,1.2594348621159117,-0.8744028739045012,0,0.0,0.0,0.0,0.0,0.0,0.0,200.4607437824211
77,pedestrian,1,2,90,290.76817900000003,0.03348,4.851702912841709,1.2748638964161338,0,1.2393667273471456,-0.8744028739045012,0,0.0,0.0,0.0,0.0,0.0,0.0,200.4607437824211
