id,agent_type,type,sim_state,tick_count,sim_time,delta_time,x,x_vel,x_acc,y,y_vel,y_acc,s,s_vel,s_acc,d,d_vel,d_acc,yaw
-65,pedestrian,4,1,1,204.370833,0.0,-10.073121144803569,-1.5412901754775412,3.302764661737588,10.33922517667133,-0.50287390279221,1.0775869345547358,0.0,0.0,0.0,0.0,0.0,0.0,0.0
-65,pedestrian,4,1,2,204.40431900000002,0.033486,-10.121072394708726,-1.438537497154711,3.0825803496849105,10.323580210807439,-0.46934897591673574,1.005747806264227,0.0,0.0,0.0,0.0,0.0,0.0,0.0
-65,pedestrian,4,1,3,204.437756,0.033437,-10.165826894621617,-1.342634997386722,2.8770749930396713,10.308978242668562,-0.43805904416628294,0.9386979525135847,0.0,0.0,0.0,0.0,0.0,0.0,0.0
-65,pedestrian,4,1,4,204.47127600000002,0.03352,-10.205062976210247,-1.1770824476588744,4.966576491835431,10.292354205338963,-0.49872111988799933,-1.8198622716514923,0.0,0.0,0.0,0.0,0.0,0.0,0.0
-65,pedestrian,4,1,5,204.50478,0.033504,-10.238920195740628,-1.0157165859114423,4.840975852422958,10.274052130104259,-0.5490622570411446,-1.5102341145943605,0.0,0.0,0.0,0.0,0.0,0.0,0.0
-65,pedestrian,4,1,6,204.538236,0.033456,-10.267569075288918,-0.8594663864487089,4.6875059838820015,10.254383917319421,-0.5900463835451167,-1.2295237951191638,0.0,0.0,0.0,0.0,0.0,0.0,0.0
-65,pedestrian,4,1,7,204.571688,0.033452,-10.291200675965351,-0.7089480202929912,4.51555098467153,10.233630523276004,-0.6226018213025352,-0.9766631327225527,0.0,0.0,0.0,0.0,0.0,0.0,0.0
-65,pedestrian,4,1,8,204.605179,0.033491,-10.310018674232113,-0.5645399480028696,4.332242168703649,10.212044236303623,-0.6475886091714476,-0.7496036360673709,0.0,0.0,0.0,0.0,0.0,0.0,0.0
-65,pedestrian,4,1,9,204.638656,0.033477,-10.324233445759024,-0.4264431458073166,4.142904065866587,10.189851403437219,-0.6657849859920942,-0.5458913046193993,0.0,0.0,0.0,0.0,0.0,0.0,0.0
-65,pedestrian,4,1,10,204.672125,0.033469,-10.334057704882142,-0.29472777369353853,3.951461163413342,10.167255258283069,-0.6778843546245226,-0.36298105897285143,0.0,0.0,0.0,0.0,0.0,0.0,0.0
-65,pedestrian,4,1,11,204.705582,0.033457,-10.339703329936373,-0.1693687516269452,3.7607706619977996,10.144438672438127,-0.6844975753482523,-0.19839662171189298,0.0,0.0,0.0,0.0,0.0,0.0,0.0
-65,pedestrian,4,1,12,204.739067,0.033485,-10.341379087097923,-0.05027271484648309,3.5728811034138634,10.121566751331212,-0.6861576332074866,-0.04980173577702921,0.0,0.0,0.0,0.0,0.0,0.0,0.0
-65,pedestrian,4,1,13,204.772525,0.033458,-10.339289035329509,0.06270155305244315,3.389228036967787,10.098789250698097,-0.6833250189934623,0.08497842642072792,0.0,0.0,0.0,0.0,0.0,0.0,0.0
-65,pedestrian,4,1,14,204.805989,0.033464,-10.333631450646825,0.16972754048049504,3.2107796228415566,10.076242820747098,-0.6763928985299612,0.207963613905034,0.0,0.0,0.0,0.0,0.0,0.0,0.0
-65,pedestrian,4,1,15,204.83946600000002,0.033477,-10.324598151097005,0.2709989864946147,3.038143380423589,10.054053102621497,-0.6656915437680055,0.3210406428586715,0.0,0.0,0.0,0.0,0.0,0.0,0.0
-65,pedestrian,4,1,16,204.872926,0.03346,-10.316167071519384,0.25293238732863055,-0.5419979749795247,10.03334269903883,-0.6213121074799889,1.331383088640499,0.0,0.0,0.0,0.0,0.0,0.0,0.0
-65,pedestrian,4,1,17,204.90643,0.033504,-10.30829806391596,0.23607022810274372,-0.5058647767766048,10.014012989029654,-0.5798913002752804,1.2426242161412553,0.0,0.0,0.0,0.0,0.0,0.0,0.0
-65,pedestrian,4,1,18,204.939954,0.033524,-10.300953656821909,0.2203322128215325,-0.47214045843633634,9.99597192635581,-0.5412318802153172,1.1597826017988946,0.0,0.0,0.0,0.0,0.0,0.0,0.0
-65,pedestrian,4,1,19,204.97344,0.033486,-10.294098876870077,0.2056433985549706,-0.44066442799685723,9.979133601195029,-0.5051497548234594,1.0824637617557358,0.0,0.0,0.0,0.0,0.0,0.0,0.0
-65,pedestrian,4,1,20,205.006912,0.033472,-10.287701082251113,0.19193383856891982,-0.4112867995815237,9.963417831046518,-0.47147310445532137,1.01029951104414,0.0,0.0,0.0,0.0,0.0,0.0,0.0
-65,pedestrian,4,1,21,205.040367,0.033455,-10.28172980727632,0.17913824924377997,-0.38386767975419533,9.94874977890956,-0.44004156410875134,0.9429462103971011,0.0,0.0,0.0,0.0,0.0,0.0,0.0
-65,pedestrian,4,1,22,205.073793,0.033426,-10.276156617302892,0.1671956992028844,-0.35827650122686694,9.935059596916803,-0.4107054597827227,0.8800831297808586,0.0,0.0,0.0,0.0,0.0,0.0,0.0
-65,pedestrian,4,1,23,205.107288,0.033495,-10.270954973330886,0.1560493191601971,-0.33439140128061945,9.922282093725398,-0.3833250957421601,0.8214109212168783,0.0,0.0,0.0,0.0,0.0,0.0,0.0
-65,pedestrian,4,1,24,205.140761,0.033473,-10.266100105627016,0.14564603111610183,-0.31209864132285825,9.910356424082012,-0.3577700893015927,0.7666501932170222,0.0,0.0,0.0,0.0,0.0,0.0,0.0
-65,pedestrian,4,1,25,205.174242,0.033481,-10.261568895773554,0.13593629560386214,-0.2912920653671907,9.899225799083538,-0.33391874995422594,0.7155401804210039,0.0,0.0,0.0,0.0,0.0,0.0,0.0
-65,pedestrian,4,1,26,205.20773,0.033488,-10.257339766580655,0.12687387578694306,-0.27187259450757256,9.888837215753767,-0.3116574998931427,0.6678375018324983,0.0,0.0,0.0,0.0,0.0,0.0,0.0
-65,pedestrian,4,1,27,205.241217,0.033487,-10.253392579337767,0.11841561728666439,-0.2537477550083603,9.879141204648217,-0.29088033316651346,0.623315001798877,0.0,0.0,0.0,0.0,0.0,0.0,0.0
-65,pedestrian,4,1,28,205.274702,0.033485,-10.249708537915021,0.11052124268239458,-0.2368312381280943,9.870091594285366,-0.2714883108855375,0.5817606684292795,0.0,0.0,0.0,0.0,0.0,0.0,0.0
-65,pedestrian,4,1,29,205.308187,0.033485,-10.246270099257936,0.10315315971252344,-0.22104248909613436,9.861645291282498,-0.2533890900860628,0.5429766239842412,0.0,0.0,0.0,0.0,0.0,0.0,0.0
-65,pedestrian,4,1,30,205.341619,0.033432,-10.243060889848964,0.0962762822691525,-0.20630632330112816,9.853762075149055,-0.2364964840032976,0.5067781824829565,0.0,0.0,0.0,0.0,0.0,0.0,0.0
-65,pedestrian,4,1,31,205.375099,0.03348,-10.2400656277384,0.08985786331696502,-0.19255256856562444,9.846404406760524,-0.2207300516559556,0.47299297042026,0.0,0.0,0.0,0.0,0.0,0.0,0.0
-65,pedestrian,4,1,32,205.408544,0.033445,-10.237270049773224,0.08386733895525211,-0.17971573085138726,9.839537249600719,-0.20601471479413083,0.4414601058547432,0.0,0.0,0.0,0.0,0.0,0.0,0.0
-65,pedestrian,4,1,33,205.442026,0.033482,-10.234660843677258,0.07827618287902358,-0.1677346822868561,9.833127902921182,-0.19228040038609168,0.41202943224117455,0.0,0.0,0.0,0.0,0.0,0.0,0.0
-65,pedestrian,4,1,34,205.475507,0.033481,-10.232225584659437,0.07305777053464368,-0.15655237033139696,9.827145846023381,-0.17946170693402744,0.3845608035619271,0.0,0.0,0.0,0.0,0.0,0.0,0.0
-65,pedestrian,4,1,35,205.508992,0.033485,-10.229952676248033,0.06818725234214251,-0.14611554577503497,9.821562592921978,-0.1674975930421043,0.3589234167576945,0.0,0.0,0.0,0.0,0.0,0.0,0.0
-65,pedestrian,4,1,36,205.54247800000002,0.033486,-10.227831295069471,0.06364143535683947,-0.1363745095590914,9.816351556697347,-0.1563310867389581,0.33499518909438564,0.0,0.0,0.0,0.0,0.0,0.0,0.0
-65,pedestrian,4,1,37,205.575963,0.033485,-10.225851339308468,0.0593986728301104,-0.1272828758018723,9.811487922891203,-0.14590901418430416,0.3126621766396179,0.0,0.0,0.0,0.0,0.0,0.0,0.0
-65,pedestrian,4,1,38,205.60945,0.033487,-10.22400338060405,0.05543876113257871,-0.1187973509259507,9.806948531342458,-0.13618174646232967,0.2918180316592345,0.0,0.0,0.0,0.0,0.0,0.0,0.0
-65,pedestrian,4,1,39,205.642931,0.033481,-10.222278619152691,0.05174284354073973,-0.11087752775516936,9.8027117659008,-0.1271029632497524,0.2723634963773179,0.0,0.0,0.0,0.0,0.0,0.0,0.0
-65,pedestrian,4,1,40,205.67641600000002,0.033485,-10.22066884180439,0.04829332044905476,-0.1034856927505491,9.798757451492568,-0.11862943224691964,0.2542059300849827,0.0,0.0,0.0,0.0,0.0,0.0,0.0
-65,pedestrian,4,1,41,205.709903,0.033487,-10.21916638295249,0.04507376555696958,-0.09658664676255535,9.79506675804903,-0.11072080330612578,0.23725886822381576,0.0,0.0,0.0,0.0,0.0,0.0,0.0
-65,pedestrian,4,1,42,205.74338500000002,0.033482,-10.217764088030878,0.04206884764840743,-0.09014753725686452,9.791622110839427,-0.10333941628812127,0.22144161054013534,0.0,0.0,0.0,0.0,0.0,0.0,0.0
-65,pedestrian,4,1,43,205.776866,0.033481,-10.21645527944441,0.03926425759400822,-0.08413770163197631,9.788407106781657,-0.09645012173310634,0.20667883665044764,0.0,0.0,0.0,0.0,0.0,0.0,0.0
-65,pedestrian,4,1,44,205.810348,0.033482,-10.215233724770975,0.036646640203070395,-0.07852852172813489,9.785406436332439,-0.09002011347653438,0.1929002476971587,0.0,0.0,0.0,0.0,0.0,0.0,0.0
-65,pedestrian,4,1,45,205.843829,0.033481,-10.214093607083322,0.034203530629562474,-0.07329328720523771,9.782605810584755,-0.08401877243051734,0.18004023138051128,0.0,0.0,0.0,0.0,0.0,0.0,0.0
-65,pedestrian,4,1,46,205.877315,0.033486,-10.213029497249304,0.03192329502055525,-0.06840706827021682,9.779991893225352,-0.07841752078210323,0.16803754945242302,0.0,0.0,0.0,0.0,0.0,0.0,0.0
-65,pedestrian,4,1,47,205.910798,0.033483,-10.212036328078957,0.029795075110365953,-0.06384659730567886,9.777552237028553,-0.07318968590396194,0.15683504634423878,0.0,0.0,0.0,0.0,0.0,0.0,0.0
-65,pedestrian,4,1,48,205.944285,0.033487,-10.211109370194956,0.027808736520014227,-0.05959015771055174,9.775275224583718,-0.06831037334509511,0.14637937676600477,0.0,0.0,0.0,0.0,0.0,0.0,0.0
-65,pedestrian,4,1,49,205.977768,0.033483,-10.21024420951186,0.025954820492880226,-0.05561748081402005,9.773150012974293,-0.06375634828273458,0.13662075187081593,0.0,0.0,0.0,0.0,0.0,0.0,0.0
-65,pedestrian,4,1,50,206.011255,0.033487,-10.209436726216532,0.024224498859799642,-0.05190964899241754,9.771166482144793,-0.059505924885005744,0.12751270193186504,0.0,0.0,0.0,0.0,0.0,0.0,0.0
-65,pedestrian,4,1,51,206.044737,0.033482,-10.2086830751501,0.02260953199296659,-0.048449006004991566,9.769315186710125,-0.05553886303999386,0.11901185535035638,0.0,0.0,0.0,0.0,0.0,0.0,0.0
-65,pedestrian,4,1,52,206.078225,0.033488,-10.207979667497577,0.021102229575679057,-0.045219072518625954,9.767587310977529,-0.05183627197791721,0.11107773186229973,0.0,0.0,0.0,0.0,0.0,0.0,0.0
-65,pedestrian,4,1,53,206.111712,0.033487,-10.207323153698383,0.019695413975841965,-0.042204467995112745,9.765974626967143,-0.048380520311598375,0.10367254998956504,0.0,0.0,0.0,0.0,0.0,0.0,0.0
-65,pedestrian,4,1,54,206.145194,0.033482,-10.20671040749591,0.018382386074157223,-0.03939083705054232,9.764469455231053,-0.04515515208269365,0.09676104686714183,0.0,0.0,0.0,0.0,0.0,0.0,0.0
-65,pedestrian,4,1,55,206.17868,0.033486,-10.206138511050739,0.017156893355164505,-0.03676478156978151,9.76306462828459,-0.042144808393892425,0.09031031066403677,0.0,0.0,0.0,0.0,0.0,0.0,0.0
-65,pedestrian,4,1,56,206.212162,0.033482,-10.205604741046084,0.016013100139645145,-0.03431379646558083,9.76175345647542,-0.03933515427513673,0.08428962356267086,0.0,0.0,0.0,0.0,0.0,0.0,0.0
-65,pedestrian,4,1,57,206.245645,0.033483,-10.205106555719555,0.014945559795873057,-0.03202621031316262,9.760529696127984,-0.03671281042305653,0.07867031556240592,0.0,0.0,0.0,0.0,0.0,0.0,0.0
-65,pedestrian,4,1,58,206.279132,0.033487,-10.204641582759663,0.013949188796732615,-0.02989112997421327,9.759387519811828,-0.03426528948466608,0.07342562815171348,0.0,0.0,0.0,0.0,0.0,0.0,0.0
-65,pedestrian,4,1,59,206.312623,0.033491,-10.204207608008975,0.013019242520629285,-0.027898388283099918,9.758321488591823,-0.03198093660010767,0.06853058653675224,0.0,0.0,0.0,0.0,0.0,0.0,0.0
-65,pedestrian,4,1,60,206.346106,0.033483,-10.203802564920691,0.012151292648489262,-0.02603849616420071,9.75732652612862,-0.029848873896089628,0.06396188112054137,0.0,0.0,0.0,0.0,0.0,0.0,0.0
-65,pedestrian,4,1,61,206.379593,0.033487,-10.203424524717661,0.011341206090912322,-0.024302596727308202,9.7563978945054,-0.02785894869665002,0.0596977559831882,0.0,0.0,0.0,0.0,0.0,0.0,0.0
-65,pedestrian,4,1,62,206.413079,0.033486,-10.203071687207958,0.010585125291086286,-0.022682423994781067,9.75553117166653,-0.02600168516607523,0.055717905917243744,0.0,0.0,0.0,0.0,0.0,0.0,0.0
-65,pedestrian,4,1,63,206.44656,0.033481,-10.202742372212384,0.009879449867211686,-0.02117026271623801,9.754722230360043,-0.024268239194612844,0.05200337914387161,0.0,0.0,0.0,0.0,0.0,0.0,0.0
-65,pedestrian,4,1,64,206.480042,0.033482,-10.202435011563802,0.009220819457456604,-0.019758912292652503,9.753967218484194,-0.022650356275469137,0.048536487574311164,0.0,0.0,0.0,0.0,0.0,0.0,0.0
-65,pedestrian,4,1,65,206.513529,0.033487,-10.202148141639563,0.008606097727175218,-0.018441651908441565,9.753262540744037,-0.021140332204712755,0.04530072212269146,0.0,0.0,0.0,0.0,0.0,0.0,0.0
-65,pedestrian,4,1,66,206.547016,0.033487,-10.201880396391873,0.00803235743069148,-0.017212208894512176,9.752604841530971,-0.01973097639199429,0.042280674381554036,0.0,0.0,0.0,0.0,0.0,0.0,0.0
-65,pedestrian,4,1,67,206.580497,0.033481,-10.201630500842779,0.007496866472846534,-0.01606472873534836,9.751990988943632,-0.018415577620151766,0.03946196315527574,0.0,0.0,0.0,0.0,0.0,0.0,0.0
