id,agent_type,type,sim_state,tick_count,sim_time,delta_time,x,x_vel,x_acc,y,y_vel,y_acc,s,s_vel,s_acc,d,d_vel,d_acc,yaw
72,pedestrian,1,2,1,224.891333,0.0,-12.021744805853814,-3.429819206893176,0,16.475987640209496,-3.3126036566127928,0,0.0,0.0,0.0,0.0,0.0,0.0,292.936131916536
72,pedestrian,1,2,2,224.924792,0.033459,-11.961579371957239,-3.48610535639624,0,16.325601629708142,-3.2526167535374997,0,0.0,0.0,0.0,0.0,0.0,0.0,292.9188799919641
72,pedestrian,1,2,3,224.958282,0.03349,-11.901358184977385,-3.559292571835575,0,16.18502108739158,-3.1711824958310078,0,0.0,0.0,0.0,0.0,0.0,0.0,292.8959141120871
72,pedestrian,1,2,4,224.991804,0.033522,-11.841077679479133,-3.6127350582121274,0,16.03443101199752,-3.1081693479221806,0,0.0,0.0,0.0,0.0,0.0,0.0,292.8785813135842
72,pedestrian,1,2,5,225.025251,0.033447,-11.780798660889158,-3.6817081109310075,0,15.893960187881936,-3.02315176381262,0,0.0,0.0,0.0,0.0,0.0,0.0,292.8556080533285
72,pedestrian,1,2,6,225.058712,0.033461,-11.71076476588081,-3.748229316910932,0,15.743537542715872,-2.936193015675011,0,0.0,0.0,0.0,0.0,0.0,0.0,292.832625165875
72,pedestrian,1,2,7,225.092171,0.033459,-11.650597563756177,-3.812708085550705,0,15.593310744888631,-2.8471351293309746,0,0.0,0.0,0.0,0.0,0.0,0.0,292.80953343424227
72,pedestrian,1,2,8,225.12563500000002,0.033464,-11.590423139898958,-3.8899576074864233,0,15.452683476921335,-2.735079425628419,0,0.0,0.0,0.0,0.0,0.0,0.0,292.7809284729626
72,pedestrian,1,2,9,225.159099,0.033464,-11.530248672538503,-3.9490581764934682,0,15.302247304917607,-2.642310589700969,0,0.0,0.0,0.0,0.0,0.0,0.0,292.75780064878137
72,pedestrian,1,2,10,225.192556,0.033457,-11.46980846196596,-4.020027020496812,0,15.15183833163478,-2.524839277299426,0,0.0,0.0,0.0,0.0,0.0,0.0,292.72891615866916
72,pedestrian,1,2,11,225.226012,0.033456,-11.399925043703547,-4.099977872038928,0,15.001741529081212,-2.3830376341620947,0,0.0,0.0,0.0,0.0,0.0,0.0,292.6946207702091
72,pedestrian,1,2,12,225.259488,0.033476,-11.339728981308694,-4.162409073458914,0,14.860948080431722,-2.2608268963021105,0,0.0,0.0,0.0,0.0,0.0,0.0,292.6656867704682
72,pedestrian,1,2,13,225.292983,0.033495,-11.279497075977877,-4.232701320236198,0,14.710368315110134,-2.113250476214581,0,0.0,0.0,0.0,0.0,0.0,0.0,292.63117643081046
72,pedestrian,1,2,14,225.326422,0.033439,-11.21936760733965,-4.2985546878861225,0,14.560440844128259,-1.9606506892654862,0,0.0,0.0,0.0,0.0,0.0,0.0,292.5960437653374
72,pedestrian,1,2,15,225.359891,0.033469,-11.159184115302338,-4.388446060419525,0,14.419585914151074,-1.732292290832394,0,0.0,0.0,0.0,0.0,0.0,0.0,292.54407533651994
72,pedestrian,1,2,16,225.393372,0.033481,-11.098516165840609,-4.47445024862975,0,14.269069129523126,-1.4738905487006349,0,0.0,0.0,0.0,0.0,0.0,0.0,292.486317891594
72,pedestrian,1,2,17,225.434453,0.041081,-11.0151062105312,-4.564972782690252,0,14.08716425203899,-1.1125191641119345,0,0.0,0.0,0.0,0.0,0.0,0.0,292.4071330534372
72,pedestrian,1,2,18,225.467919,0.033466,-10.954927686200639,-4.621594214884667,0,13.943944842084667,-0.7937578615718395,0,0.0,0.0,0.0,0.0,0.0,0.0,292.3381735443527
72,pedestrian,1,2,19,225.50140100000002,0.033482,-10.894719601042604,-4.65718847591911,0,13.79342462881615,-0.39630797601444656,0,0.0,0.0,0.0,0.0,0.0,0.0,292.252922287963
72,pedestrian,1,2,20,225.534844,0.033443,-10.834582939031755,-4.6660444223252036,0,13.645943284668357,0.13243511209333636,0,0.0,0.0,0.0,0.0,0.0,0.0,292.13969516764587
72,pedestrian,1,2,21,225.568313,0.033469,-10.774399004423062,-4.627666047441613,0,13.502623138005468,0.5133705041856654,0,0.0,0.0,0.0,0.0,0.0,0.0,292.0575787718872
72,pedestrian,1,2,22,225.60179300000001,0.03348,-10.714194530728186,-4.552160653869833,0,13.355036999447904,0.9151248933770345,0,0.0,0.0,0.0,0.0,0.0,0.0,291.96966628872735
72,pedestrian,1,2,23,225.635244,0.033451,-10.656993703599767,-4.4363145778948905,0,13.211734335266302,1.3252407142143465,0,0.0,0.0,0.0,0.0,0.0,0.0,291.8777622580148
72,pedestrian,1,2,24,225.66869400000002,0.03345,-10.603893699674485,-4.279656070125479,0,13.06433505879501,1.7286595280021253,0,0.0,0.0,0.0,0.0,0.0,0.0,291.7841555022681
72,pedestrian,1,2,25,225.702154,0.03346,-10.543725205798442,-4.073720376772485,0,12.920938639160047,2.1378035142984375,0,0.0,0.0,0.0,0.0,0.0,0.0,291.68475840170163
72,pedestrian,1,2,26,225.735615,0.033461,-10.483556176005894,-3.818862852619416,0,12.773547504699001,2.5386976867768296,0,0.0,0.0,0.0,0.0,0.0,0.0,291.58133545864666
72,pedestrian,1,2,27,225.769098,0.033483,-10.426413329974249,-3.5131849810022855,0,12.63305950949523,2.9213766364175213,0,0.0,0.0,0.0,0.0,0.0,0.0,291.474329853858
72,pedestrian,1,2,28,225.802511,0.033413,-10.37326307217692,-3.1446650460145325,0,12.492863594830576,3.292974474303496,0,0.0,0.0,0.0,0.0,0.0,0.0,291.3595779368099
72,pedestrian,1,2,29,225.835959,0.033448,-10.316221984198407,-2.73671974417175,0,12.352523739132629,3.6187462854726675,0,0.0,0.0,0.0,0.0,0.0,0.0,291.2447082012536
72,pedestrian,1,2,30,225.869443,0.033484,-10.262906467976322,-2.2877396409098205,0,12.212031516937234,3.8981765173722462,0,0.0,0.0,0.0,0.0,0.0,0.0,291.1279148246074
72,pedestrian,1,2,31,225.902886,0.033443,-10.205931277492978,-1.7878102146915207,0,12.071709761275217,4.132465521378978,0,0.0,0.0,0.0,0.0,0.0,0.0,291.00550506155736
72,pedestrian,1,2,32,225.936362,0.033476,-10.152572569482858,-1.3276523658717916,0,11.931252422588654,4.290561975669445,0,0.0,0.0,0.0,0.0,0.0,0.0,290.89735071349526
72,pedestrian,1,2,33,225.96984700000002,0.033485,-10.095590635994402,-0.934957985801204,0,11.790755967363017,4.369218388080942,0,0.0,0.0,0.0,0.0,0.0,0.0,290.8079895200441
72,pedestrian,1,2,34,226.003299,0.033452,-10.045462250747141,-0.34989486260165836,0,11.65039648868176,4.437322310724719,0,0.0,0.0,0.0,0.0,0.0,0.0,290.675870853047
72,pedestrian,1,2,35,226.03674900000001,0.03345,-9.995337876634679,0.24499726047409298,0,11.510048239814909,4.426606595290814,0,0.0,0.0,0.0,0.0,0.0,0.0,290.54188266274423
72,pedestrian,1,2,36,226.070213,0.033464,-9.945192027194535,0.8560223308757063,0,11.369639860937257,4.332031300616078,0,0.0,0.0,0.0,0.0,0.0,0.0,290.40207486894303
72,pedestrian,1,2,37,226.103717,0.033504,-9.894985732557222,1.5603696767890591,0,11.232414049080326,4.099004923085412,0,0.0,0.0,0.0,0.0,0.0,0.0,290.23327859991247
72,pedestrian,1,2,38,226.137183,0.033466,-9.844837382527643,2.3170837150968597,0,11.098646854743532,3.719980829473713,0,0.0,0.0,0.0,0.0,0.0,0.0,290.04009547427984
72,pedestrian,1,2,39,226.170644,0.033461,-9.794696012961335,2.8271165676342647,0,10.958251021856533,3.3252701068743282,0,0.0,0.0,0.0,0.0,0.0,0.0,289.8925437387054
72,pedestrian,1,2,40,226.204129,0.033485,-9.744518204940173,3.2903062237164846,0,10.821198478219513,2.8447661105833726,0,0.0,0.0,0.0,0.0,0.0,0.0,289.7392690211739
72,pedestrian,1,2,41,226.237576,0.033447,-9.694398326415643,3.667761184496012,0,10.687417497164367,2.3076600159057716,0,0.0,0.0,0.0,0.0,0.0,0.0,289.58795506931915
72,pedestrian,1,2,42,226.27105,0.033474,-9.644237463000785,3.969287202895672,0,10.550468549069834,1.6988031325806208,0,0.0,0.0,0.0,0.0,0.0,0.0,289.4307525660714
72,pedestrian,1,2,43,226.30453,0.03348,-9.59406716020681,4.175038596069374,0,10.41649023326251,1.0457897083375967,0,0.0,0.0,0.0,0.0,0.0,0.0,289.2718036651111
72,pedestrian,1,2,44,226.337982,0.033452,-9.54750079258985,4.272379957059716,0,10.279694597382173,0.36952258886439393,0,0.0,0.0,0.0,0.0,0.0,0.0,289.1126303677104
72,pedestrian,1,2,45,226.37143600000002,0.033454,-9.503808883133804,4.262847668819768,0,10.145767056838297,-0.3343578589058992,0,0.0,0.0,0.0,0.0,0.0,0.0,288.9480928919781
72,pedestrian,1,2,46,226.404897,0.033461,-9.45366706439614,4.1388874021126245,0,10.0089855124735,-1.0182388127262902,0,0.0,0.0,0.0,0.0,0.0,0.0,288.7851381184821
72,pedestrian,1,2,47,226.43836100000001,0.033464,-9.407166329764932,3.901566237040536,0,9.874962975769039,-1.685887261681359,0,0.0,0.0,0.0,0.0,0.0,0.0,288.61849732667235
72,pedestrian,1,2,48,226.471825,0.033464,-9.36337580763121,3.5525831300304254,0,9.738228245569134,-2.3104033762796226,0,0.0,0.0,0.0,0.0,0.0,0.0,288.44974977325717
72,pedestrian,1,2,49,226.50528500000001,0.03346,-9.31693736115623,3.0955970014254195,0,9.607863446320591,-2.8780208815714357,0,0.0,0.0,0.0,0.0,0.0,0.0,288.27738009402617
72,pedestrian,1,2,50,226.53875,0.033465,-9.273088647962298,2.541835452777829,0,9.47375039999744,-3.3625673654429646,0,0.0,0.0,0.0,0.0,0.0,0.0,288.10285007845073
72,pedestrian,1,2,51,226.572213,0.033463,-9.226704345216199,2.018262612971466,0,9.337106143335363,-3.7012870054269027,0,0.0,0.0,0.0,0.0,0.0,0.0,287.95488156131023
72,pedestrian,1,2,52,226.605674,0.033461,-9.186590910971603,1.512947046503172,0,9.206737482240188,-3.911462284011405,0,0.0,0.0,0.0,0.0,0.0,0.0,287.8246429832371
72,pedestrian,1,2,53,226.639135,0.033461,-9.146478224746389,0.7613687079520788,0,9.072554607496993,-4.113261718711215,0,0.0,0.0,0.0,0.0,0.0,0.0,287.6385931967494
72,pedestrian,1,2,54,226.672596,0.033461,-9.10252014633752,-0.02747989465878109,0,8.936003525393486,-4.173597691164562,0,0.0,0.0,0.0,0.0,0.0,0.0,287.4489822890619
72,pedestrian,1,2,55,226.706052,0.033456,-9.05625764784415,-0.8293008069543926,0,8.805654377307736,-4.0787294041588265,0,0.0,0.0,0.0,0.0,0.0,0.0,287.254961661175
72,pedestrian,1,2,56,226.739508,0.033456,-9.016150955501162,-1.623613406243836,0,8.675307627429444,-3.822484832538833,0,0.0,0.0,0.0,0.0,0.0,0.0,287.0538915440575
72,pedestrian,1,2,57,226.772969,0.033461,-8.976037798603288,-2.3632726546357117,0,8.54101311605305,-3.4012154131926913,0,0.0,0.0,0.0,0.0,0.0,0.0,286.848289290946
72,pedestrian,1,2,58,226.806431,0.033462,-8.935923185545068,-3.0267326709871547,0,8.404567375537274,-2.812273863422983,0,0.0,0.0,0.0,0.0,0.0,0.0,286.63342119362517
72,pedestrian,1,2,59,226.839897,0.033466,-8.895804505112476,-3.5601637084047786,0,8.274181665408753,-2.076603499398487,0,0.0,0.0,0.0,0.0,0.0,0.0,286.4127679639276
72,pedestrian,1,2,60,226.873359,0.033462,-8.855690139271488,-3.9257671315381,0,8.143809975037547,-1.2215174323104516,0,0.0,0.0,0.0,0.0,0.0,0.0,286.18637587434074
72,pedestrian,1,2,61,226.906815,0.033456,-8.81558272948003,-4.091313901038125,0,8.009420372938171,-0.2850232455551691,0,0.0,0.0,0.0,0.0,0.0,0.0,285.95426229613014
72,pedestrian,1,2,62,226.940276,0.033461,-8.779538734717832,-4.030184455790417,0,7.873094661244308,0.69456588323728,0,0.0,0.0,0.0,0.0,0.0,0.0,285.7140254387107
72,pedestrian,1,2,63,226.973737,0.033461,-8.745356866273863,-3.7193781667980472,0,7.742726835378545,1.6717255134628601,0,0.0,0.0,0.0,0.0,0.0,0.0,285.4622616951677
72,pedestrian,1,2,64,227.007194,0.033457,-8.705248266789331,-3.154171327118654,0,7.612373889074471,2.567867185560096,0,0.0,0.0,0.0,0.0,0.0,0.0,285.2013677296185
72,pedestrian,1,2,65,227.040656,0.033462,-8.669286988259737,-2.3509974600195362,0,7.477851158172637,3.3038777571001994,0,0.0,0.0,0.0,0.0,0.0,0.0,284.932298218278
72,pedestrian,1,2,66,227.074116,0.03346,-8.63502239422369,-1.349694717254673,0,7.341639801216687,3.8120467453428897,0,0.0,0.0,0.0,0.0,0.0,0.0,284.654113190885
72,pedestrian,1,2,67,227.107577,0.033461,-8.599117959176073,-0.20759987180260886,0,7.211271302862389,4.024000107166534,0,0.0,0.0,0.0,0.0,0.0,0.0,284.3653334102328
72,pedestrian,1,2,68,227.141059,0.033482,-8.564771149484649,1.2674813802561182,0,7.080823255502393,3.737282705663696,0,0.0,0.0,0.0,0.0,0.0,0.0,283.9861356994635
72,pedestrian,1,2,69,227.17453700000002,0.033478,-8.528914379944647,2.719856887014547,0,6.950389126129889,2.9335710212520114,0,0.0,0.0,0.0,0.0,0.0,0.0,283.5661072757539
72,pedestrian,1,2,70,227.208017,0.03348,-8.498812268097446,3.5130530124474006,0,6.819946641107428,1.887512126899981,0,0.0,0.0,0.0,0.0,0.0,0.0,283.2359397887221
72,pedestrian,1,2,71,227.241496,0.033479,-8.464367157296964,3.9254105384856977,0,6.685165870705004,0.6020020907750824,0,0.0,0.0,0.0,0.0,0.0,0.0,282.89504131959404
72,pedestrian,1,2,72,227.275,0.033504,-8.428587998695848,3.8741215632871495,0,6.548974813763382,-0.8005371679782965,0,0.0,0.0,0.0,0.0,0.0,0.0,282.5390719278888
72,pedestrian,1,2,73,227.30849,0.03349,-8.398476905762234,3.3077029396595337,0,6.418493409432044,-2.1370978504545435,0,0.0,0.0,0.0,0.0,0.0,0.0,282.1691698858463
72,pedestrian,1,2,74,227.34197600000002,0.033486,-8.368369913847733,2.2642370823359332,0,6.288029778227414,-3.204492558672987,0,0.0,0.0,0.0,0.0,0.0,0.0,281.78711468394255
72,pedestrian,1,2,75,227.375441,0.033465,-8.342769201767037,0.8511736452851839,0,6.157646215593448,-3.808147502893387,0,0.0,0.0,0.0,0.0,0.0,0.0,281.39181504009747
72,pedestrian,1,2,76,227.40892,0.033479,-8.318180205973764,-0.7465860524848217,0,6.027207708326915,-3.81168423161373,0,0.0,0.0,0.0,0.0,0.0,0.0,280.978461520818
72,pedestrian,1,2,77,227.442399,0.033479,-8.288079507534201,-2.2404589877812047,0,5.896771349161914,-3.149812252850934,0,0.0,0.0,0.0,0.0,0.0,0.0,280.55357863810485
72,pedestrian,1,2,78,227.475883,0.033484,-8.262564203021341,-3.350582668881414,0,5.76631372126071,-1.8778734871098608,0,0.0,0.0,0.0,0.0,0.0,0.0,280.11182739446264
72,pedestrian,1,2,79,227.509364,0.033481,-8.237870918778874,-3.8136392360623024,0,5.63586746231211,-0.18604127333656295,0,0.0,0.0,0.0,0.0,0.0,0.0,279.6496877904672
72,pedestrian,1,2,80,227.542846,0.033482,-8.212426617207448,-3.4547964958325608,0,5.505419414518312,1.576154443431602,0,0.0,0.0,0.0,0.0,0.0,0.0,279.1729042075006
72,pedestrian,1,2,81,227.576326,0.03348,-8.192358604606618,-1.763084560688673,0,5.374977330765474,3.1268915723192525,0,0.0,0.0,0.0,0.0,0.0,0.0,278.54209080532
72,pedestrian,1,2,82,227.609805,0.033479,-8.172291153913575,0.6047371499486281,0,5.244538904052078,3.6905168391462295,0,0.0,0.0,0.0,0.0,0.0,0.0,277.8675740617983
72,pedestrian,1,2,83,227.643289,0.033484,-8.152221024129311,2.1328675788027542,0,5.114083064514542,3.158147159367698,0,0.0,0.0,0.0,0.0,0.0,0.0,277.43653265979276
72,pedestrian,1,2,84,227.676775,0.033486,-8.1321494088443,3.1600166803112324,0,4.988415261423073,1.906686887052168,0,0.0,0.0,0.0,0.0,0.0,0.0,277.0020756934585
72,pedestrian,1,2,85,227.71026,0.033485,-8.116911587207861,3.655593305517892,0,4.863155800126774,-0.12582263847592645,0,0.0,0.0,0.0,0.0,0.0,0.0,276.424736449259
72,pedestrian,1,2,86,227.743745,0.033485,-8.1020076405668,2.914268157436862,0,4.732696065053199,-2.159791815644528,0,0.0,0.0,0.0,0.0,0.0,0.0,275.821344939734
72,pedestrian,1,2,87,227.777226,0.033481,-8.086841910765258,1.096073648324739,0,4.607152898611518,-3.4288216407502405,0,0.0,0.0,0.0,0.0,0.0,0.0,275.1977490684138
