id,agent_type,type,sim_state,tick_count,sim_time,delta_time,x,x_vel,x_acc,y,y_vel,y_acc,s,s_vel,s_acc,d,d_vel,d_acc,yaw
79,pedestrian,1,2,1,287.954333,0.0,8.658255194197409,-1.7426841034075233,0,4.35598764102906,-0.3413758733019828,0,0.0,0.0,0.0,0.0,0.0,0.0,204.39696383496988
79,pedestrian,1,2,2,287.98782900000003,0.033496,8.608061889155168,-1.7695904946197722,0,4.335871658621359,-0.1492408211745022,0,0.0,0.0,0.0,0.0,0.0,0.0,204.28765883201365
79,pedestrian,1,2,3,288.021297,0.033468,8.557841599079056,-1.7751910884284745,0,4.305780844799832,0.05469413844760413,0,0.0,0.0,0.0,0.0,0.0,0.0,204.17272038722112
79,pedestrian,1,2,4,288.05474200000003,0.033445,8.49779216160389,-1.7575264185014334,0,4.2758024280237485,0.2577378906103359,0,0.0,0.0,0.0,0.0,0.0,0.0,204.05791060349176
79,pedestrian,1,2,5,288.088226,0.033484,8.44761683965353,-1.7193481712581884,0,4.255604628229654,0.44792154092610337,0,0.0,0.0,0.0,0.0,0.0,0.0,203.9486669024006
79,pedestrian,1,2,6,288.12169700000004,0.033471,8.397302127493344,-1.6607609560520866,0,4.225511107207668,0.6329863269381738,0,0.0,0.0,0.0,0.0,0.0,0.0,203.8393745517219
79,pedestrian,1,2,7,288.15515300000004,0.033456,8.337326131804552,-1.577937390038144,0,4.1956160153152275,0.8193648373846869,0,0.0,0.0,0.0,0.0,0.0,0.0,203.72458042483643
79,pedestrian,1,2,8,288.188621,0.033468,8.28717478563922,-1.4823755893162038,0,4.175339396089423,0.9835010352364238,0,0.0,0.0,0.0,0.0,0.0,0.0,203.61774123359194
79,pedestrian,1,2,9,288.222095,0.033474,8.237014409988927,-1.4804110983494512,0,4.14549132925805,0.9876577210998472,0,0.0,0.0,0.0,0.0,0.0,0.0,203.61518193281307
79,pedestrian,1,2,10,288.25559100000004,0.033496,8.186532533192459,-1.370992969466437,0,4.125126310517873,1.136229661461313,0,0.0,0.0,0.0,0.0,0.0,0.0,203.51148329392413
79,pedestrian,1,2,11,288.289035,0.033444,8.126704260163308,-1.240175924840143,0,4.095057080207789,1.2794181662207003,0,0.0,0.0,0.0,0.0,0.0,0.0,203.40254781929696
79,pedestrian,1,2,12,288.322475,0.03344,8.076594821422498,-1.1023362826857985,0,4.065323491841884,1.401538502662469,0,0.0,0.0,0.0,0.0,0.0,0.0,203.29918968145972
79,pedestrian,1,2,13,288.355932,0.033457,8.026099172322022,-0.9528281770495338,0,4.044909629289482,1.5088394456824903,0,0.0,0.0,0.0,0.0,0.0,0.0,203.19598199857006
79,pedestrian,1,2,14,288.38941700000004,0.033485,7.966281687022977,-0.8016946782788053,0,4.015198237561107,1.5959492837962528,0,0.0,0.0,0.0,0.0,0.0,0.0,203.09823471529927
79,pedestrian,1,2,15,288.42287100000004,0.033454,7.916151255535894,-0.6432568876697615,0,3.994725277759216,1.667886082980977,0,0.0,0.0,0.0,0.0,0.0,0.0,203.0008188959758
79,pedestrian,1,2,16,288.45635200000004,0.033481,7.865523753590508,-0.4873353361360484,0,3.9650771591072425,1.721669255846748,0,0.0,0.0,0.0,0.0,0.0,0.0,202.90856897734778
79,pedestrian,1,2,17,288.48983400000003,0.033482,7.805806667307142,-0.3183877015126624,0,3.9445185237432883,1.763039010439186,0,0.0,0.0,0.0,0.0,0.0,0.0,202.81139161253608
79,pedestrian,1,2,18,288.52330600000005,0.033472,7.755128058065343,-0.1656111517979128,0,3.914945261339207,1.7862544277882828,0,0.0,0.0,0.0,0.0,0.0,0.0,202.72517735961895
79,pedestrian,1,2,19,288.556784,0.033478,7.695481494891488,-0.011168830700659785,0,3.8943234228445105,1.7964087349318232,0,0.0,0.0,0.0,0.0,0.0,0.0,202.63894534522805
79,pedestrian,1,2,20,288.59027000000003,0.033486,7.645303175614408,0.14324041856323053,0,3.864806834323714,1.7935315570030343,0,0.0,0.0,0.0,0.0,0.0,0.0,202.5530334430312
79,pedestrian,1,2,21,288.62374300000005,0.033473,7.594522052689095,0.28742180128369743,0,3.844121070475657,1.779155953605593,0,0.0,0.0,0.0,0.0,0.0,0.0,202.47256437869993
79,pedestrian,1,2,22,288.657216,0.033473,7.534983999040561,0.42963565956766187,0,3.8146791625842735,1.753644870915632,0,0.0,0.0,0.0,0.0,0.0,0.0,202.39246806098257
79,pedestrian,1,2,23,288.690694,0.033478,7.484130159833251,0.5517382315709977,0,3.7939251246269636,1.7231929440260554,0,0.0,0.0,0.0,0.0,0.0,0.0,202.3228566165963
79,pedestrian,1,2,24,288.72418000000005,0.033486,7.424639238347719,0.5613811293552714,0,3.764541259529237,1.7237102620803442,0,0.0,0.0,0.0,0.0,0.0,0.0,202.31788431967246
79,pedestrian,1,2,25,288.75768100000005,0.033501,7.373673421226513,0.6803823154699485,0,3.744460383975904,1.6844434788878466,0,0.0,0.0,0.0,0.0,0.0,0.0,202.248851356745
79,pedestrian,1,2,26,288.79116100000005,0.03348,7.313470227051605,0.7966097474533402,0,3.7235951558885807,1.6370923943833502,0,0.0,0.0,0.0,0.0,0.0,0.0,202.17986357727074
79,pedestrian,1,2,27,288.82464500000003,0.033484,7.254092273948543,0.908890748104862,0,3.694322473558261,1.5823054562773498,0,0.0,0.0,0.0,0.0,0.0,0.0,202.11134441950108
79,pedestrian,1,2,28,288.858128,0.033483,7.203049452008405,1.0086719544314409,0,3.6742523930344064,1.5257461618789652,0,0.0,0.0,0.0,0.0,0.0,0.0,202.04859533526286
79,pedestrian,1,2,29,288.891611,0.033483,7.143743250896992,1.0972453738198085,0,3.653280474972629,1.4686965969488264,0,0.0,0.0,0.0,0.0,0.0,0.0,201.9911003676171
79,pedestrian,1,2,30,288.925096,0.033485,7.092628507939172,1.1818833027206737,0,3.6241120779180096,1.4071870596455474,0,0.0,0.0,0.0,0.0,0.0,0.0,201.93413911358275
79,pedestrian,1,2,31,288.95858200000004,0.033486,7.032412894543847,1.2560322707958917,0,3.604040208729942,1.3473189617362675,0,0.0,0.0,0.0,0.0,0.0,0.0,201.88238760592782
79,pedestrian,1,2,32,288.992066,0.033484,6.972202507784583,1.327124535091193,0,3.582961297031318,1.2835310902947683,0,0.0,0.0,0.0,0.0,0.0,0.0,201.83064058962148
79,pedestrian,1,2,33,289.025549,0.033483,6.913037307645533,1.3943119877372556,0,3.553900484810816,1.2168860294600978,0,0.0,0.0,0.0,0.0,0.0,0.0,201.77949288320877
79,pedestrian,1,2,34,289.059031,0.033482,6.861785327991166,1.4514584150062997,0,3.5338310182367927,1.1550763510511852,0,0.0,0.0,0.0,0.0,0.0,0.0,201.73411487908874
79,pedestrian,1,2,35,289.09251900000004,0.033488,6.801567748482978,1.5077502317375022,0,3.5137584933916313,1.0861281370303795,0,0.0,0.0,0.0,0.0,0.0,0.0,201.68619914348622
79,pedestrian,1,2,36,289.12599700000004,0.033478,6.741367944022549,1.6211604053278683,0,3.4936918903664207,0.9161600906305066,0,0.0,0.0,0.0,0.0,0.0,0.0,201.57631695930252
79,pedestrian,1,2,37,289.159481,0.033484,6.6811559639550895,1.7184211389615622,0,3.4724380245787128,0.728033990003241,0,0.0,0.0,0.0,0.0,0.0,0.0,201.46267640268053
79,pedestrian,1,2,38,289.192968,0.033487,6.6209401824864464,1.7883697652953736,0,3.443549303541647,0.5464329602390599,0,0.0,0.0,0.0,0.0,0.0,0.0,201.35847456534117
79,pedestrian,1,2,39,289.226449,0.033481,6.5607349636120675,1.8407651031515646,0,3.4234808972937643,0.3502422688854427,0,0.0,0.0,0.0,0.0,0.0,0.0,201.24995837210537
79,pedestrian,1,2,40,289.25993300000005,0.033484,6.50052300343138,1.8705423551953564,0,3.403410245693774,0.15848869201836543,0,0.0,0.0,0.0,0.0,0.0,0.0,201.1464616360406
79,pedestrian,1,2,41,289.29341200000005,0.033479,6.441643871198544,1.8774354287940285,0,3.383343112200075,-0.05398901817153763,0,0.0,0.0,0.0,0.0,0.0,0.0,201.03313423480128
79,pedestrian,1,2,42,289.32689100000005,0.033479,6.39011996628503,1.8469997748401035,0,3.3632758985000364,-0.3684720861070899,0,0.0,0.0,0.0,0.0,0.0,0.0,200.86501954687196
79,pedestrian,1,2,43,289.36037000000005,0.033479,6.329917015568153,1.8022328694196232,0,3.3432082491738786,-0.5567017585073435,0,0.0,0.0,0.0,0.0,0.0,0.0,200.76233453412914
79,pedestrian,1,2,44,289.393847,0.033477,6.2697192154063375,1.7423385831619194,0,3.323142314478869,-0.7294846396765509,0,0.0,0.0,0.0,0.0,0.0,0.0,200.66542572986893
79,pedestrian,1,2,45,289.42733300000003,0.033486,6.208046599099048,1.6699450946481824,0,3.303070898755928,-0.8875262517940469,0,0.0,0.0,0.0,0.0,0.0,0.0,200.57342513869193
79,pedestrian,1,2,46,289.460815,0.033482,6.139296642393453,1.5830257574433446,0,3.2830014568435524,-1.0382700951335402,0,0.0,0.0,0.0,0.0,0.0,0.0,200.4814335911348
79,pedestrian,1,2,47,289.494298,0.033483,6.079088052245819,1.4834098975440615,0,3.2629319278018043,-1.1791346243901633,0,0.0,0.0,0.0,0.0,0.0,0.0,200.390317040402
79,pedestrian,1,2,48,289.527775,0.033477,6.018889972076041,1.3773851472248062,0,3.241305032260467,-1.3034810336855942,0,0.0,0.0,0.0,0.0,0.0,0.0,200.30408964115028
79,pedestrian,1,2,49,289.561259,0.033484,5.958678067510524,1.2621452658291303,0,3.212795266369143,-1.4171055343833523,0,0.0,0.0,0.0,0.0,0.0,0.0,200.21875698857045
79,pedestrian,1,2,50,289.59474600000004,0.033487,5.898462285454087,1.14471469425153,0,3.1927233378990576,-1.5148225845555545,0,0.0,0.0,0.0,0.0,0.0,0.0,200.13825441788745
79,pedestrian,1,2,51,289.62823000000003,0.033484,5.838251597792449,1.0212540287500926,0,3.1726531092431,-1.6018077272931783,0,0.0,0.0,0.0,0.0,0.0,0.0,200.05871393147547
79,pedestrian,1,2,52,289.66170900000003,0.033479,5.778048702302968,0.8991377755958736,0,3.152585478035584,-1.6742124189315244,0,0.0,0.0,0.0,0.0,0.0,0.0,199.98397754255896
79,pedestrian,1,2,53,289.695194,0.033485,5.717836516833011,0.7735805452293406,0,3.132514749758339,-1.7364845147746073,0,0.0,0.0,0.0,0.0,0.0,0.0,199.91022453043794
79,pedestrian,1,2,54,289.728678,0.033484,5.657625811491898,0.6521388725292543,0,3.112444513916235,-1.785996625032197,0,0.0,0.0,0.0,0.0,0.0,0.0,199.84122814365355
79,pedestrian,1,2,55,289.76216500000004,0.033487,5.597408549410473,0.5081817161966251,0,3.0923720930371332,-1.8307561232287441,0,0.0,0.0,0.0,0.0,0.0,0.0,199.76186646178658
79,pedestrian,1,2,56,289.79565,0.033485,5.53719636385271,0.2971982825932489,0,3.072301364921607,-1.878476384395562,0,0.0,0.0,0.0,0.0,0.0,0.0,199.64804246392708
79,pedestrian,1,2,57,289.82913,0.03348,5.476992831624496,0.190816249349823,0,3.0522335209194424,-1.8923306030113685,0,0.0,0.0,0.0,0.0,0.0,0.0,199.59162780181552
79,pedestrian,1,2,58,289.862615,0.033485,5.4167791856559235,0.09267091032965079,0,3.0321623042281645,-1.8995294055910925,0,0.0,0.0,0.0,0.0,0.0,0.0,199.5398779847445
79,pedestrian,1,2,59,289.896095,0.03348,5.356575990261705,-0.005691058650878931,0,3.012094572695006,-1.9015356840373203,0,0.0,0.0,0.0,0.0,0.0,0.0,199.48813715013884
79,pedestrian,1,2,60,289.92958000000004,0.033485,5.296363448074589,-0.1018739417920517,0,2.9920237269129006,-1.8985742660763767,0,0.0,0.0,0.0,0.0,0.0,0.0,199.43752386021376
79,pedestrian,1,2,61,289.96306400000003,0.033484,5.236151618625702,-0.18902961279149533,0,2.9719531161013495,-1.891511385441068,0,0.0,0.0,0.0,0.0,0.0,0.0,199.39152541093836
79,pedestrian,1,2,62,289.996547,0.033483,5.175943029425559,-0.27354192120333926,0,2.9518835863928237,-1.8808106064505632,0,0.0,0.0,0.0,0.0,0.0,0.0,199.34670516194643
79,pedestrian,1,2,63,290.030028,0.033481,5.115737660719382,-0.34890062630593655,0,2.931815129131935,-1.8677964801135567,0,0.0,0.0,0.0,0.0,0.0,0.0,199.30646083782173
79,pedestrian,1,2,64,290.06351,0.033482,5.0555294473461085,-0.4214102388574731,0,2.911745724710191,-1.8522787089367083,0,0.0,0.0,0.0,0.0,0.0,0.0,199.2674298305604
79,pedestrian,1,2,65,290.09699600000005,0.033486,4.9953154636965476,-0.48490757093632714,0,2.891674398999711,-1.8360994708121015,0,0.0,0.0,0.0,0.0,0.0,0.0,199.23292975912256
79,pedestrian,1,2,66,290.13048100000003,0.033485,4.935102883367343,-0.5455234574260712,0,2.8716035378286913,-1.8184878251668612,0,0.0,0.0,0.0,0.0,0.0,0.0,199.19968644528473
79,pedestrian,1,2,67,290.163967,0.033486,4.874887496162644,-0.5973976573807788,0,2.851531741172212,-1.8015236094737934,0,0.0,0.0,0.0,0.0,0.0,0.0,199.1709357153866
79,pedestrian,1,2,68,290.197446,0.033479,4.8146860993246765,-0.6464423258970127,0,2.831464608187228,-1.7839699449773188,0,0.0,0.0,0.0,0.0,0.0,0.0,199.14348741898777
79,pedestrian,1,2,69,290.230944,0.033498,4.754450123454413,-0.6847971306337571,0,2.811385950536916,-1.7690505365676157,0,0.0,0.0,0.0,0.0,0.0,0.0,199.1217972582367
79,pedestrian,1,2,70,290.264423,0.033479,4.694247341653278,-0.7150094689642873,0,2.791318356588749,-1.7564984613827508,0,0.0,0.0,0.0,0.0,0.0,0.0,199.10455043189427
79,pedestrian,1,2,71,290.29786,0.033437,4.6341214694632376,-0.7426367230704392,0,2.771276398975156,-1.744534606918404,0,0.0,0.0,0.0,0.0,0.0,0.0,199.08867530943266
79,pedestrian,1,2,72,290.331342,0.033482,4.573914248605314,-0.7624955074231046,0,2.7512073243547848,-1.7355347227655051,0,0.0,0.0,0.0,0.0,0.0,0.0,199.0771765772467
79,pedestrian,1,2,73,290.364827,0.033485,4.513700693984457,-0.7822735314906204,0,2.731136139883504,-1.72636494161161,0,0.0,0.0,0.0,0.0,0.0,0.0,199.06567663551874
79,pedestrian,1,2,74,290.398314,0.033487,4.453484912401647,-0.7995568199135442,0,2.7086024986591704,-1.7181782103186853,0,0.0,0.0,0.0,0.0,0.0,0.0,199.05558672631446
79,pedestrian,1,2,75,290.431794,0.03348,4.393281268629884,-0.806883989948638,0,2.6809963319985757,-1.7145247267060366,0,0.0,0.0,0.0,0.0,0.0,0.0,199.0512676063993
79,pedestrian,1,2,76,290.465275,0.033481,4.333074927186827,-0.8068187614086156,0,2.6609275518826463,-1.7143861244458007,0,0.0,0.0,0.0,0.0,0.0,0.0,199.0512676063993
79,pedestrian,1,2,77,290.498757,0.033482,4.27286813566662,-0.8067803853406119,0,2.6408586207983604,-1.7143045802358203,0,0.0,0.0,0.0,0.0,0.0,0.0,199.0512676063993
79,pedestrian,1,2,78,290.532239,0.033482,4.212660876739828,-0.8042153378648743,0,2.6207895352891684,-1.7154799743377485,0,0.0,0.0,0.0,0.0,0.0,0.0,199.05275675403445
79,pedestrian,1,2,79,290.56572300000005,0.033484,4.152449158521034,-0.7943414573019748,0,2.60071896133556,-1.7200822745409832,0,0.0,0.0,0.0,0.0,0.0,0.0,199.05850654959747
79,pedestrian,1,2,80,290.59920900000003,0.033486,4.0949051778878625,-0.7818025984929604,0,2.5806476331394568,-1.7258280112657312,0,0.0,0.0,0.0,0.0,0.0,0.0,199.06578636070563
79,pedestrian,1,2,81,290.632689,0.03348,4.042031493643162,-0.761918818725659,0,2.5605797399236034,-1.7347282830288917,0,0.0,0.0,0.0,0.0,0.0,0.0,199.0772844168125
79,pedestrian,1,2,82,290.666174,0.033485,3.9818179962174716,-0.7391781557102289,0,2.5405085747419296,-1.7445277266507826,0,0.0,0.0,0.0,0.0,0.0,0.0,199.0903539845923
79,pedestrian,1,2,83,290.699655,0.033481,3.9216130029659166,-0.7117838633903975,0,2.5176665458618794,-1.7559161555479916,0,0.0,0.0,0.0,0.0,0.0,0.0,199.10601223238876
79,pedestrian,1,2,84,290.733138,0.033483,3.861403907813419,-0.6886949569922762,0,2.490370545049552,-1.7650658153048393,0,0.0,0.0,0.0,0.0,0.0,0.0,199.11912050162505
79,pedestrian,1,2,85,290.766618,0.03348,3.8011994201129857,-0.6552415444762123,0,2.470302381250986,-1.777708409474847,0,0.0,0.0,0.0,0.0,0.0,0.0,199.13799652336786
79,pedestrian,1,2,86,290.80009800000005,0.03348,3.7409962256012683,-0.6171590450390909,0,2.4502346494418266,-1.7913318172774177,0,0.0,0.0,0.0,0.0,0.0,0.0,199.1593443397752
79,pedestrian,1,2,87,290.83358300000003,0.033485,3.6807835166422933,-0.5831482697043519,0,2.430163747057009,-1.8026428424534697,0,0.0,0.0,0.0,0.0,0.0,0.0,199.17826243268624
79,pedestrian,1,2,88,290.86705800000004,0.033475,3.620588037791447,-0.541549455932544,0,2.410098588693465,-1.815572847145587,0,0.0,0.0,0.0,0.0,0.0,0.0,199.20125541174647
79,pedestrian,1,2,89,290.900543,0.033485,3.5603758520557,-0.4996527043428921,0,2.3900278600228915,-1.8275461783264408,0,0.0,0.0,0.0,0.0,0.0,0.0,199.22425477251605
79,pedestrian,1,2,90,290.93399300000004,0.03345,3.500226062459626,-0.45753556735291956,0,2.369977929860979,-1.8385421326141016,0,0.0,0.0,0.0,0.0,0.0,0.0,199.24723029972876
