id,agent_type,type,sim_state,tick_count,sim_time,delta_time,x,x_vel,x_acc,y,y_vel,y_acc,s,s_vel,s_acc,d,d_vel,d_acc,yaw
-105,pedestrian,4,1,1,112.879433,0.0,6.891136768520053,-1.479819971904512,3.171039234027909,23.70090258277424,-0.6414235567396745,1.3744814479642946,0.0,0.0,0.0,0.0,0.0,0.0,0.0
-105,pedestrian,4,1,2,112.912867,0.033434,6.8450979211465555,-1.3811654212049382,2.9596365209872104,23.680947185815473,-0.5986619087630568,1.2828494392985328,0.0,0.0,0.0,0.0,0.0,0.0,0.0
-105,pedestrian,4,1,3,112.946335,0.033468,6.80212832630469,-1.2890878452559684,2.762327278469095,23.66232215137654,-0.5587510331679872,1.1973262678520862,0.0,0.0,0.0,0.0,0.0,0.0,0.0
-105,pedestrian,4,1,4,112.979816,0.033481,6.762023367070153,-1.2031487770360911,2.578172046596321,23.644938788721966,-0.5215008796372471,1.1175046059222038,0.0,0.0,0.0,0.0,0.0,0.0,0.0
-105,pedestrian,4,1,5,113.01331,0.033494,6.7245920676292865,-1.122938983225995,2.4062938143028814,23.62871431985754,-0.4867340659327881,1.0430044111337693,0.0,0.0,0.0,0.0,0.0,0.0,0.0
-105,pedestrian,4,1,6,113.046807,0.033497,6.689656183820734,-1.048076514256574,2.2458740690826344,23.613571485374884,-0.45428503447969176,0.973470943592891,0.0,0.0,0.0,0.0,0.0,0.0,0.0
-105,pedestrian,4,1,7,113.08029900000001,0.033492,6.657049354492779,-0.9782048798386475,2.0961490325377974,23.599438176460396,-0.4239992674346568,0.9085730113510486,0.0,0.0,0.0,0.0,0.0,0.0,0.0
-105,pedestrian,4,1,8,113.11378500000001,0.033486,6.6266163092292985,-0.9129913579044137,1.9564056580270128,23.586247091574304,-0.3957325465827629,0.8480016255568172,0.0,0.0,0.0,0.0,0.0,0.0,0.0
-105,pedestrian,4,1,9,113.14854600000001,0.034761,6.5982121289653595,-0.8521254079181566,1.8259784995877122,23.57393541598209,-0.36935026776642055,0.791468364490271,0.0,0.0,0.0,0.0,0.0,0.0,0.0
-105,pedestrian,4,1,10,113.18200900000001,0.033463,6.571701555884628,-0.7953171924219374,1.7042464648865765,23.56244452262282,-0.34472680077812856,0.7387040096487597,0.0,0.0,0.0,0.0,0.0,0.0,0.0
-105,pedestrian,4,1,11,113.21549300000001,0.033484,6.546958349399888,-0.74229619454222,1.5906299363915248,23.551719692899646,-0.32174489169515635,0.6894572724891668,0.0,0.0,0.0,0.0,0.0,0.0,0.0
-105,pedestrian,4,1,12,113.24894400000001,0.033451,6.523864684954971,-0.6928099333475177,1.4845878358410685,23.541709856162548,-0.30029510211294885,0.6434936874662258,0.0,0.0,0.0,0.0,0.0,0.0,0.0
-105,pedestrian,4,1,13,113.282419,0.033475,6.502310592981538,-0.6466227592029735,1.3856152243363273,23.532367346482346,-0.28027529040610977,0.6005943512051719,0.0,0.0,0.0,0.0,0.0,0.0,0.0
-105,pedestrian,4,1,14,113.315909,0.03349,6.482193435220547,-0.6035147328297277,1.2932407911973742,23.523647675691144,-0.26159012373608787,0.5605550001006576,0.0,0.0,0.0,0.0,0.0,0.0,0.0
-105,pedestrian,4,1,15,113.34943100000001,0.033522,6.463417415978472,-0.5632805772622735,1.2070246670236229,23.515509321527247,-0.24415062491689907,0.5231849645756638,0.0,0.0,0.0,0.0,0.0,0.0,0.0
-105,pedestrian,4,1,16,113.382874,0.033443,6.445893126003739,-0.5257286992419844,1.1265563406086738,23.50791352987249,-0.22787374964273946,0.488306258224788,0.0,0.0,0.0,0.0,0.0,0.0,0.0
-105,pedestrian,4,1,17,113.416362,0.033488,6.429537116627873,-0.4906802812759508,1.0514525389810079,23.500824130291004,-0.21268198744458988,0.4557528659444878,0.0,0.0,0.0,0.0,0.0,0.0,0.0
-105,pedestrian,4,1,18,113.449809,0.033447,6.414271502458311,-0.45796842508688834,0.9813556856718737,23.494207363724662,-0.19850299699025498,0.42536971363004755,0.0,0.0,0.0,0.0,0.0,0.0,0.0
-105,pedestrian,4,1,19,113.48328500000001,0.033476,6.400023590520752,-0.42743735812674344,0.9159320088043471,23.48803172171761,-0.1852692602115466,0.39701210336125126,0.0,0.0,0.0,0.0,0.0,0.0,0.0
-105,pedestrian,4,1,20,113.516762,0.033477,6.3867255340428555,-0.39894169433689375,0.8548699136954915,23.482267796461016,-0.17291775769789,0.37054507540969844,0.0,0.0,0.0,0.0,0.0,0.0,0.0
-105,pedestrian,4,1,21,113.55024700000001,0.033485,6.374314009427504,-0.3723457384605489,0.797878676290345,23.47688814065452,-0.16138967419485192,0.34584250509114206,0.0,0.0,0.0,0.0,0.0,0.0,0.0
-105,pedestrian,4,1,22,113.58373,0.033483,6.3627299146360885,-0.3475228437424621,0.7446868415426046,23.471867136870937,-0.15063011350744387,0.3227868206222413,0.0,0.0,0.0,0.0,0.0,0.0,0.0
-105,pedestrian,4,1,23,113.61722300000001,0.033493,6.3519180878539165,-0.32435480346516193,0.6950412083190055,23.467180875481453,-0.14058784168451108,0.30126815468798374,0.0,0.0,0.0,0.0,0.0,0.0,0.0
-105,pedestrian,4,1,24,113.65070100000001,0.033478,6.341827044748712,-0.30273129315614167,0.6487053092706084,23.462807040847544,-0.1312150390173297,0.2811840800154416,0.0,0.0,0.0,0.0,0.0,0.0,0.0
-105,pedestrian,4,1,25,113.684185,0.033484,6.332408733291639,-0.2825493437121863,0.605458483318661,23.45872480506087,-0.12246707360018656,0.2624389625142941,0.0,0.0,0.0,0.0,0.0,0.0,0.0
-105,pedestrian,4,1,26,113.717664,0.033479,6.323618304918637,-0.2637128511900562,0.5650947756639031,23.45491472870035,-0.11430229081571935,0.24494348353401643,0.0,0.0,0.0,0.0,0.0,0.0,0.0
-105,pedestrian,4,1,27,113.75115000000001,0.033486,6.315413900963733,-0.2461321186471141,0.5274219762882637,23.451358668353972,-0.10668181039125722,0.22861441273386376,0.0,0.0,0.0,0.0,0.0,0.0,0.0
-105,pedestrian,4,1,28,113.784632,0.033482,6.3111992795195375,-0.12643864332586469,3.5908042596374825,23.449711163500325,-0.04942514560939781,1.7176999434557825,0.0,0.0,0.0,0.0,0.0,0.0,0.0
-105,pedestrian,4,1,29,113.81815800000001,0.033526,6.310709628607391,-0.014689527364399255,3.352473478843963,23.449842557567077,0.00394182200258552,1.6010090283594998,0.0,0.0,0.0,0.0,0.0,0.0,0.0
-105,pedestrian,4,1,30,113.851635,0.033477,6.313697700182293,0.0896421472470445,3.1299502383433127,23.45163201989118,0.0536838697230074,1.4922614316126563,0.0,0.0,0.0,0.0,0.0,0.0,0.0
-105,pedestrian,4,1,31,113.88512200000001,0.033487,6.319932661898815,0.18704885149567635,2.922201127458955,23.454966911064417,0.10004673519722082,1.3908859642264029,0.0,0.0,0.0,0.0,0.0,0.0,0.0
-105,pedestrian,4,1,32,113.91857900000001,0.033457,6.329199021425852,0.27799078581111714,2.7282580294632246,23.459742199042324,0.14325863933718344,1.2963571241988785,0.0,0.0,0.0,0.0,0.0,0.0,0.0
-105,pedestrian,4,1,33,113.952042,0.033463,6.337847614048236,0.25945777867153397,-0.5559902141874947,23.46419914279743,0.1337083126531843,-0.2865098005199742,0.0,0.0,0.0,0.0,0.0,0.0,0.0
-105,pedestrian,4,1,34,113.98554700000001,0.033505,6.345919623920709,0.24216029617419013,-0.5189244749203148,23.46835896561969,0.1247946846677688,-0.2674088395624651,0.0,0.0,0.0,0.0,0.0,0.0,0.0
-105,pedestrian,4,1,35,114.019001,0.033454,6.353453489613471,0.2260159707828572,-0.4843297617399881,23.472241475895352,0.11647530826992719,-0.24958129193524822,0.0,0.0,0.0,0.0,0.0,0.0,0.0
-105,pedestrian,4,1,36,114.05248900000001,0.033488,6.360485087248507,0.2109479290510754,-0.4520412519534542,23.4758651613481,0.10871056358240157,-0.23294234062576888,0.0,0.0,0.0,0.0,0.0,0.0,0.0
-105,pedestrian,4,1,37,114.085971,0.033482,6.367047901067611,0.19688441457313233,-0.4219054343382925,23.479247277310748,0.10146347887946533,-0.21741254108808725,0.0,0.0,0.0,0.0,0.0,0.0,0.0
-105,pedestrian,4,1,38,114.119416,0.033445,6.373173183092215,0.18375846073809882,-0.3937786150510056,23.48240392870195,0.09469954173601385,-0.20291811430354462,0.0,0.0,0.0,0.0,0.0,0.0,0.0
-105,pedestrian,4,1,39,114.15289200000001,0.033476,6.37889010182989,0.1715075621302332,-0.3675269582359686,23.485350146832815,0.0883865439259982,-0.18938993430046935,0.0,0.0,0.0,0.0,0.0,0.0,0.0
-105,pedestrian,4,1,40,114.186379,0.033487,6.384225881366289,0.16007338609198118,-0.3430252811475605,23.488099960797665,0.08249441894556324,-0.1767637494130489,0.0,0.0,0.0,0.0,0.0,0.0,0.0
-105,pedestrian,4,1,41,114.219868,0.033489,6.389205930766584,0.1494014820088489,-0.3201571224939689,23.490666464481073,0.07699511050222556,-0.16497925330013025,0.0,0.0,0.0,0.0,0.0,0.0,0.0
-105,pedestrian,4,1,42,114.25335100000001,0.033483,6.393853965155532,0.1394410316684338,-0.2988135102124533,23.493061878831508,0.07186243051303566,-0.15398039967569696,0.0,0.0,0.0,0.0,0.0,0.0,0.0
-105,pedestrian,4,1,43,114.28683600000001,0.033485,6.398192118653193,0.13014460492981147,-0.27889280215866996,23.495297610086936,0.06707193766285685,-0.1437147855053642,0.0,0.0,0.0,0.0,0.0,0.0,0.0
-105,pedestrian,4,1,44,114.32031400000001,0.033478,6.402241049790766,0.12146793412720111,-0.26030012407831116,23.49738430405211,0.06260081895531268,-0.13413356122632525,0.0,0.0,0.0,0.0,0.0,0.0,0.0
-105,pedestrian,4,1,45,114.3538,0.033486,6.406020039929636,0.11336970416611174,-0.24294689883268114,23.499331896739406,0.05842778061883455,-0.12519115009434384,0.0,0.0,0.0,0.0,0.0,0.0,0.0
-105,pedestrian,4,1,46,114.387279,0.033479,6.4095470849399385,0.1058113503090729,-0.226750615711165,23.50114966181699,0.05453295232750272,-0.1168448487399549,0.0,0.0,0.0,0.0,0.0,0.0,0.0
-105,pedestrian,4,1,47,114.420775,0.033496,6.412838981058135,0.0987568835458959,-0.21163400289531017,23.502846254634555,0.050897784527014024,-0.10905503401466102,0.0,0.0,0.0,0.0,0.0,0.0,0.0
-105,pedestrian,4,1,48,114.454245,0.03347,6.415911404752723,0.09217271083764089,-0.19752518124765037,23.504429753535174,0.04750496701856364,-0.10178452525351148,0.0,0.0,0.0,0.0,0.0,0.0,0.0
-105,pedestrian,4,1,49,114.487668,0.033423,6.418778987321969,0.08602747707735664,-0.18435701280852776,23.505907698363163,0.0443383448397171,-0.09499866536539602,0.0,0.0,0.0,0.0,0.0,0.0,0.0
-105,pedestrian,4,1,50,114.52113700000001,0.033469,6.421455384733395,0.08029192234280311,-0.17206664203660585,23.507287126215964,0.04138283558396398,-0.08866527767259359,0.0,0.0,0.0,0.0,0.0,0.0,0.0
-105,pedestrian,4,1,51,114.554561,0.033424,6.423953342564151,0.07493873492267696,-0.16059562260378463,23.508574605061785,0.038624365374596834,-0.08275410628101451,0.0,0.0,0.0,0.0,0.0,0.0,0.0
-105,pedestrian,4,1,52,114.58801100000001,0.03345,6.42628475668021,0.06994242348175733,-0.14988934322758862,23.509776264987785,0.036049797779975024,-0.0772370278386542,0.0,0.0,0.0,0.0,0.0,0.0,0.0
-105,pedestrian,4,1,53,114.62147900000001,0.033468,6.428460729887341,0.06527919621392489,-0.1398968180349734,23.510897827412172,0.03364687273158151,-0.0720877514518053,0.0,0.0,0.0,0.0,0.0,0.0,0.0
-105,pedestrian,4,1,54,114.654964,0.033485,6.430491624805386,0.06092684754134472,-0.13057046017740515,23.51194463232487,0.03140414738090472,-0.06728176052030378,0.0,0.0,0.0,0.0,0.0,0.0,0.0
-105,pedestrian,4,1,55,114.688451,0.033487,6.432387113214814,0.05686465228283449,-0.12186585775530694,23.51292166371522,0.02931094171050987,-0.06279617011184543,0.0,0.0,0.0,0.0,0.0,0.0,0.0
-105,pedestrian,4,1,56,114.72193800000001,0.033487,6.434156222110493,0.05307326687037956,-0.11374156237364781,23.513833573307462,0.02735728776731898,-0.05860961829572667,0.0,0.0,0.0,0.0,0.0,0.0,0.0
-105,pedestrian,4,1,57,114.75542700000001,0.033489,6.435807376690491,0.049534637399926994,-0.10615888411357706,23.514684702708475,0.02553388203036044,-0.05470217210875622,0.0,0.0,0.0,0.0,0.0,0.0,0.0
-105,pedestrian,4,1,58,114.788908,0.033481,6.437348440496323,0.046231914174963716,-0.09908169674889837,23.51547910405866,0.02383204050552143,-0.05105524574517031,0.0,0.0,0.0,0.0,0.0,0.0,0.0
-105,pedestrian,4,1,59,114.822395,0.033487,6.438786752892542,0.04314937188657803,-0.09247626865157056,23.516220559280494,0.022243656655017242,-0.047651515515125656,0.0,0.0,0.0,0.0,0.0,0.0,0.0
-105,pedestrian,4,1,60,114.85587000000001,0.033475,6.440129163856343,0.04027232891403441,-0.0863112891763087,23.516912598260756,0.02076116940780935,-0.04447461741623676,0.0,0.0,0.0,0.0,0.0,0.0,0.0
-105,pedestrian,4,1,61,114.889351,0.033481,6.441382066741033,0.037587086540688305,-0.08055727120038313,23.517558515539804,0.019377518371465893,-0.041509531090303795,0.0,0.0,0.0,0.0,0.0,0.0,0.0
-105,pedestrian,4,1,62,114.92283300000001,0.033482,6.442551428730315,0.03508085967845703,-0.07518680586693813,23.5181613859512,0.01808611234182546,-0.038742180889212906,0.0,0.0,0.0,0.0,0.0,0.0,0.0
-105,pedestrian,4,1,63,114.95631300000001,0.03348,6.4436428191287,0.03274171195152545,-0.07017443180794761,23.51872407939939,0.016880803445763166,-0.03615926688186888,0.0,0.0,0.0,0.0,0.0,0.0,0.0
-105,pedestrian,4,1,64,114.98980900000001,0.033496,6.444661436022205,0.03055850680517338,-0.0654961543905621,23.519249274400078,0.015755850020590115,-0.0337486027551915,0.0,0.0,0.0,0.0,0.0,0.0,0.0
-105,pedestrian,4,1,65,115.023294,0.033485,6.445612130889228,0.02852084601069592,-0.0611298238343238,23.519739470963163,0.014705896892525272,-0.031498593841945276,0.0,0.0,0.0,0.0,0.0,0.0,0.0
-105,pedestrian,4,1,66,115.056768,0.033474,6.4464994318411675,0.02661902855819056,-0.05705452357516081,23.52019700237274,0.013725942287256942,-0.029398638158049918,0.0,0.0,0.0,0.0,0.0,0.0,0.0
-105,pedestrian,4,1,67,115.09025100000001,0.033483,6.447327565081671,0.024843997215101984,-0.0532509402926572,23.520624046382366,0.012811320288739539,-0.02743865995552209,0.0,0.0,0.0,0.0,0.0,0.0,0.0
-105,pedestrian,4,1,68,115.123731,0.03348,6.448100475218018,0.02318730409040523,-0.049700793740902645,23.52102263540234,0.011957670599135705,-0.025609490688115008,0.0,0.0,0.0,0.0,0.0,0.0,0.0
-105,pedestrian,4,1,69,115.157216,0.033485,6.448821843781855,0.021641056915100158,-0.04638741525915219,23.52139466644054,0.011160931146026556,-0.023902183593274482,0.0,0.0,0.0,0.0,0.0,0.0,0.0
-105,pedestrian,4,1,70,115.190703,0.033487,6.449495106867858,0.020197892580098308,-0.043294930050055525,23.521741910038493,0.010417307938563923,-0.02230869622387899,0.0,0.0,0.0,0.0,0.0,0.0,0.0
-105,pedestrian,4,1,71,115.22418800000001,0.033485,6.450123471498359,0.01885093891502084,-0.04040860995232396,23.522066018699526,0.009723259831020292,-0.020821443226308932,0.0,0.0,0.0,0.0,0.0,0.0,0.0
-105,pedestrian,4,1,72,115.25766,0.033472,6.450709930855959,0.017593780728016144,-0.03771474561014092,23.52236853479372,0.009075482825830513,-0.019433310155693367,0.0,0.0,0.0,0.0,0.0,0.0,0.0
