id,agent_type,type,sim_state,tick_count,sim_time,delta_time,x,x_vel,x_acc,y,y_vel,y_acc,s,s_vel,s_acc,d,d_vel,d_acc,yaw
-134,pedestrian,4,1,1,146.312833,0.0,7.638863592990263,-0.9480152686715596,-0.4973985757704714,23.727641842948547,-0.7392457313939799,1.0414755176703006,0.0,0.0,0.0,0.0,0.0,0.0,0.0
-134,pedestrian,4,1,2,146.346315,0.033482,7.6067351765788125,-0.9638524923435071,-0.47511671015842466,23.704139759838338,-0.7050624933062324,1.0254971426324238,0.0,0.0,0.0,0.0,0.0,0.0,0.0
-134,pedestrian,4,1,3,146.37978,0.033465,7.574103062564648,-0.9789634204249312,-0.45332784244272234,23.68176224113916,-0.6713255609752574,1.0121079699292477,0.0,0.0,0.0,0.0,0.0,0.0,0.0
-134,pedestrian,4,1,4,146.41323400000002,0.033454,7.5409910115776855,-0.9933615296088559,-0.4319432755177426,23.660497383020996,-0.6379457435449531,1.00139452290913,0.0,0.0,0.0,0.0,0.0,0.0,0.0
-134,pedestrian,4,1,5,146.44672200000002,0.033488,7.507422452774539,-1.0070567640943913,-0.4108570345660569,23.640336395909156,-0.6048296133552251,0.993483905691841,0.0,0.0,0.0,0.0,0.0,0.0,0.0
-134,pedestrian,4,1,6,146.48019100000002,0.033469,7.473420627159279,-1.0200547684577779,-0.38994013090159596,23.62127379991871,-0.5718778797133072,0.9885520092575395,0.0,0.0,0.0,0.0,0.0,0.0,0.0
-134,pedestrian,4,1,7,146.51364700000002,0.033456,7.439008765416669,-1.0323558522783038,-0.369032514615779,23.603307686716434,-0.5389833960683372,0.9868345093490976,0.0,0.0,0.0,0.0,0.0,0.0,0.0
-134,pedestrian,4,1,8,146.54710400000002,0.033457,7.404210312999139,-1.0439535725259057,-0.34793160742805296,23.586440064258166,-0.5060286737480144,0.9886416696096849,0.0,0.0,0.0,0.0,0.0,0.0,0.0
-134,pedestrian,4,1,9,146.58056000000002,0.033456,7.369049220932683,-1.0548327619936635,-0.3263756840327363,23.570677306681638,-0.47288272729581227,0.9943783935660645,0.0,0.0,0.0,0.0,0.0,0.0,0.0
-134,pedestrian,4,1,10,146.614011,0.033451,7.33623162494948,-0.9845278794960769,2.1091464749275968,23.555967047109558,-0.44130778716245683,0.9472482040006635,0.0,0.0,0.0,0.0,0.0,0.0,0.0
-134,pedestrian,4,1,11,146.647466,0.033455,7.305601284885416,-0.9189102019219252,1.9685303272245525,23.542239123806368,-0.4118376990956565,0.88410264200401,0.0,0.0,0.0,0.0,0.0,0.0,0.0
-134,pedestrian,4,1,12,146.680937,0.033471,7.277012376998914,-0.8576672365950587,1.837288959805995,23.529428051917623,-0.3843321566623768,0.8251662729983904,0.0,0.0,0.0,0.0,0.0,0.0,0.0
-134,pedestrian,4,1,13,146.714445,0.033508,7.250328799528774,-0.8005073241041966,1.7147973747258642,23.517472711743334,-0.35866020522871556,0.7701585430098377,0.0,0.0,0.0,0.0,0.0,0.0,0.0
-134,pedestrian,4,1,14,146.74790900000002,0.033464,7.225423524546376,-0.7471582494719401,1.6004722389676929,23.506316057786076,-0.3346996187177357,0.7188175953293963,0.0,0.0,0.0,0.0,0.0,0.0,0.0
-134,pedestrian,4,1,15,146.78136800000001,0.033459,7.202177993016552,-0.6973659458947269,1.4937691073163974,23.495904847189443,-0.3123363178989395,0.6708990245638848,0.0,0.0,0.0,0.0,0.0,0.0,0.0
-134,pedestrian,4,1,16,146.814829,0.033461,7.180481550187138,-0.6508932848824218,1.3941798303691517,23.48618938627479,-0.29146382743961563,0.6261747137797159,0.0,0.0,0.0,0.0,0.0,0.0,0.0
-134,pedestrian,4,1,17,146.848298,0.033469,7.160230918618947,-0.6075189470457522,1.3012301351000901,23.477123293970262,-0.27198276913589664,0.584431749111569,0.0,0.0,0.0,0.0,0.0,0.0,0.0
-134,pedestrian,4,1,18,146.88178200000002,0.033484,7.1413297063471735,-0.5670363681531838,1.214477366777049,23.468663281006553,-0.2538003889112824,0.5454714067384261,0.0,0.0,0.0,0.0,0.0,0.0,0.0
-134,pedestrian,4,1,19,146.91522,0.033438,7.123687947832291,-0.5292527554464652,1.133508381201558,23.460768943828718,-0.23683011533499745,0.5091082072885493,0.0,0.0,0.0,0.0,0.0,0.0,0.0
-134,pedestrian,4,1,20,146.948708,0.033488,7.107221675514645,-0.49398816952938657,1.057937577512359,23.453402572243444,-0.2209911475582404,0.47516903330271193,0.0,0.0,0.0,0.0,0.0,0.0,0.0
-134,pedestrian,4,1,21,146.98215900000002,0.033451,7.091852519932707,-0.4610746674581444,0.9874050621372653,23.446528969886522,-0.2062080707076443,0.4434923055178828,0.0,0.0,0.0,0.0,0.0,0.0,0.0
-134,pedestrian,4,1,22,147.01563900000002,0.03348,7.077507336500638,-0.4303555029620797,0.9215749348819419,23.440115286656162,-0.19241049691083836,0.41392721390417775,0.0,0.0,0.0,0.0,0.0,0.0,0.0
-134,pedestrian,4,1,23,147.05270800000002,0.037069,7.064117857168214,-0.40168437997270556,0.8601336896812233,23.434130862314852,-0.17953273023927618,0.38633300014686517,0.0,0.0,0.0,0.0,0.0,0.0,0.0
-134,pedestrian,4,1,24,147.08622300000002,0.033515,7.051620365303925,-0.3749247559286876,0.8027887213205378,23.428547080515383,-0.16751345398403053,0.3605782876573696,0.0,0.0,0.0,0.0,0.0,0.0,0.0
-134,pedestrian,4,1,25,147.119704,0.033481,7.039955392253446,-0.3499491915143804,0.7492669324292163,23.42333723255648,-0.1562954387671049,0.33654045650776904,0.0,0.0,0.0,0.0,0.0,0.0,0.0
-134,pedestrian,4,1,26,147.153151,0.033447,7.0290674341282315,-0.3266387437564171,0.6993134327388999,23.418476390219567,-0.14582527010743904,0.31410505978997544,0.0,0.0,0.0,0.0,0.0,0.0,0.0
-134,pedestrian,4,1,27,147.186608,0.033457,7.01890468747559,-0.3048823995792367,0.6526903253154124,23.413941287081492,-0.1360530941422747,0.29316527895492966,0.0,0.0,0.0,0.0,0.0,0.0,0.0
-134,pedestrian,4,1,28,147.220087,0.033479,7.009418802571425,-0.28457654712497676,0.609175573627798,23.409710207738335,-0.1269323802947158,0.2736214154267671,0.0,0.0,0.0,0.0,0.0,0.0,0.0
-134,pedestrian,4,1,29,147.25353700000002,0.03345,7.0005646354454285,-0.26562501377987485,0.5685460003530572,23.405762934344647,-0.11841820181067685,0.2554253545211682,0.0,0.0,0.0,0.0,0.0,0.0,0.0
-134,pedestrian,4,1,30,147.28698500000002,0.033448,6.992300056548609,-0.24793736690459275,0.5306294062584627,23.402080583326708,-0.1104705305382353,0.23843013817324615,0.0,0.0,0.0,0.0,0.0,0.0,0.0
-134,pedestrian,4,1,31,147.320436,0.033451,6.984585749286685,-0.2314292178577142,0.4952444714063564,23.398645518009797,-0.10305195950735094,0.22255713092653093,0.0,0.0,0.0,0.0,0.0,0.0,0.0
-134,pedestrian,4,1,32,147.35389400000003,0.033458,6.9773850201138625,-0.21602187518468485,0.46222028019088063,23.39544127224302,-0.09612737300333933,0.20773759512034817,0.0,0.0,0.0,0.0,0.0,0.0,0.0
-134,pedestrian,4,1,33,147.38735200000002,0.033458,6.970663622953747,-0.20164191480345306,0.43139881143695374,23.3924524743814,-0.08966393584852385,0.19390311464446455,0.0,0.0,0.0,0.0,0.0,0.0,0.0
-134,pedestrian,4,1,34,147.42080900000002,0.033457,6.964389595700109,-0.18822081760912496,0.40263291582984295,23.38966477526762,-0.0836309734134672,0.18098887305169944,0.0,0.0,0.0,0.0,0.0,0.0,0.0
-134,pedestrian,4,1,35,147.45426700000002,0.033458,6.9585331077588854,-0.17569463823672682,0.3757853811719442,23.3870647806102,-0.07799983972257882,0.16893401072665168,0.0,0.0,0.0,0.0,0.0,0.0,0.0
-134,pedestrian,4,1,36,147.487718,0.033451,6.953066317821527,-0.16400369812075424,0.3507282034791774,23.384639987676177,-0.07274378802061418,0.15768155105893902,0.0,0.0,0.0,0.0,0.0,0.0,0.0
-134,pedestrian,4,1,37,147.52117600000003,0.033458,6.947963241157192,-0.1530922999300707,0.32734194572050657,23.382378726097567,-0.06783784735831971,0.1471782198688342,0.0,0.0,0.0,0.0,0.0,0.0,0.0
-134,pedestrian,4,1,38,147.55463300000002,0.033457,6.94319962577456,-0.14290846147894667,0.3055151535337206,23.380270102559415,-0.06325870614460828,0.13737423641134297,0.0,0.0,0.0,0.0,0.0,0.0,0.0
-134,pedestrian,4,1,39,147.58809000000002,0.033457,6.93875283685415,-0.13340366761231404,0.28514381599897887,23.378303949133326,-0.058984602782664784,0.128223100858305,0.0,0.0,0.0,0.0,0.0,0.0,0.0
-134,pedestrian,4,1,40,147.621553,0.033463,6.934601748895171,-0.12453263876936295,0.2661308652885327,23.376470775026636,-0.05499522320066949,0.1196813874598587,0.0,0.0,0.0,0.0,0.0,0.0,0.0
-134,pedestrian,4,1,41,147.65500500000002,0.033452,6.930726645059826,-0.11625311506032661,0.24838571127109005,23.37476172152771,-0.051271604967702285,0.11170854698901618,0.0,0.0,0.0,0.0,0.0,0.0,0.0
-134,pedestrian,4,1,42,147.688454,0.033449,6.927109123233373,-0.10852565479359343,0.23182380800199548,23.373168519939668,-0.04779604764136297,0.10426671979017944,0.0,0.0,0.0,0.0,0.0,0.0,0.0
-134,pedestrian,4,1,43,147.72190600000002,0.033452,6.923732008350991,-0.10131344647145167,0.2163662496642528,23.37168345230689,-0.04455202898331026,0.09732055974158134,0.0,0.0,0.0,0.0,0.0,0.0,0.0
-134,pedestrian,4,1,44,147.755359,0.033453,6.920579270572796,-0.09458213334584262,0.20193939376827147,23.370299314750763,-0.04152412668373725,0.09083706898719034,0.0,0.0,0.0,0.0,0.0,0.0,0.0
-134,pedestrian,4,1,45,147.78881800000002,0.033459,6.917635948916488,-0.08829964968924388,0.18847450969796237,23.369009383242467,-0.038697945248842444,0.08478544304684407,0.0,0.0,0.0,0.0,0.0,0.0,0.0
-134,pedestrian,4,1,46,147.822282,0.033464,6.914888079983325,-0.08243606799489794,0.1759074508303779,23.36780738165175,-0.036060047721434334,0.07913692582224328,0.0,0.0,0.0,0.0,0.0,0.0,0.0
-134,pedestrian,4,1,47,147.85574200000002,0.03346,6.912322631437509,-0.0769634563744897,0.16417834861224742,23.36668745192101,-0.03359789192227135,0.07386467397488969,0.0,0.0,0.0,0.0,0.0,0.0,0.0
-134,pedestrian,4,1,48,147.889203,0.033461,6.90992743992182,-0.07185574547069526,0.1532313271138335,23.36564412622374,-0.03129977091817169,0.06894363012298976,0.0,0.0,0.0,0.0,0.0,0.0,0.0
-134,pedestrian,4,1,49,147.922663,0.03346,6.907691153113517,-0.06708860424906665,0.14301423664885823,23.36467230097574,-0.029154757439881645,0.06435040434870132,0.0,0.0,0.0,0.0,0.0,0.0,0.0
-134,pedestrian,4,1,50,147.956126,0.033463,6.905603175644322,-0.0626393240758489,0.13347840519653256,23.363767212576057,-0.027152651990468662,0.060063163482389506,0.0,0.0,0.0,0.0,0.0,0.0,0.0
-134,pedestrian,4,1,51,147.989585,0.033459,6.903653618626738,-0.058486710527549834,0.12457840644897207,23.36292441476269,-0.02528393440100938,0.05606152768377845,0.0,0.0,0.0,0.0,0.0,0.0,0.0
-134,pedestrian,4,1,52,148.02304500000002,0.03346,6.901833252546156,-0.05461098241744069,0.1162718433032743,23.36213975747583,-0.02353971860587075,0.05232647385415887,0.0,0.0,0.0,0.0,0.0,0.0,0.0
-134,pedestrian,4,1,53,148.056506,0.033461,6.90013346329428,-0.05099367755629829,0.10851914583427186,23.36140936712833,-0.02191171042497572,0.04884024542685093,0.0,0.0,0.0,0.0,0.0,0.0,0.0
-134,pedestrian,4,1,54,148.08997000000002,0.033464,6.898546211134335,-0.047617564798316414,0.1012833827394563,23.36072962818988,-0.02039216815356147,0.0455862681424274,0.0,0.0,0.0,0.0,0.0,0.0,0.0
-134,pedestrian,4,1,55,148.123431,0.033461,6.89706399240257,-0.044466561952957985,0.09453008536075283,23.360097165997427,-0.018973865773602862,0.04254907139875829,0.0,0.0,0.0,0.0,0.0,0.0,0.0
-134,pedestrian,4,1,56,148.15688500000002,0.033454,6.895679803763544,-0.041525659170781916,0.08822708346528214,23.35950883071033,-0.017650058612928135,0.03971421482024182,0.0,0.0,0.0,0.0,0.0,0.0,0.0
-134,pedestrian,4,1,57,148.190336,0.033451,6.894387108848913,-0.03878084743893663,0.0823443519553586,23.358961682334012,-0.01641445128945344,0.03706821970424082,0.0,0.0,0.0,0.0,0.0,0.0,0.0
-134,pedestrian,4,1,58,148.223793,0.033457,6.8931798071207515,-0.03621905184485024,0.07685386782259176,23.35845297674105,-0.015261167788950591,0.03459850501508548,0.0,0.0,0.0,0.0,0.0,0.0,0.0
-134,pedestrian,4,1,59,148.25725100000002,0.033458,6.892052204811089,-0.03382806928988718,0.07172947664889186,23.35798015262324,-0.014184723534236728,0.032293327641415945,0.0,0.0,0.0,0.0,0.0,0.0,0.0
-134,pedestrian,4,1,60,148.29070900000002,0.033458,6.890998987799176,-0.031596510357369795,0.06694676797552163,23.357540819312764,-0.013179999314351555,0.030141726596555167,0.0,0.0,0.0,0.0,0.0,0.0,0.0
-134,pedestrian,4,1,61,148.32416700000002,0.033458,6.890015196297302,-0.029513745056230466,0.06248295903417988,23.357132745414475,-0.012242216948619515,0.028133470971961193,0.0,0.0,0.0,0.0,0.0,0.0,0.0
-134,pedestrian,4,1,62,148.357625,0.033458,6.889096201224527,-0.027569852183244637,0.05831678618957485,23.35675384819543,-0.011366916571291422,0.026259011319842793,0.0,0.0,0.0,0.0,0.0,0.0,0.0
-134,pedestrian,4,1,63,148.391084,0.033459,6.888237682155816,-0.02575557206132835,0.054428403657488626,23.356402183681126,-0.010549935429131352,0.02450943426480209,0.0,0.0,0.0,0.0,0.0,0.0,0.0
-134,pedestrian,4,1,64,148.424542,0.033458,6.887435606741508,-0.02406226242927447,0.05079928896161639,23.35607593741146,-0.009787388089962351,0.02287642017507004,0.0,0.0,0.0,0.0,0.0,0.0,0.0
-134,pedestrian,4,1,65,148.45800200000002,0.03346,6.886686211499017,-0.022481857274730708,0.047412154636312896,23.355773415812433,-0.009075647970818784,0.021352203574307012,0.0,0.0,0.0,0.0,0.0,0.0,0.0
-134,pedestrian,4,1,66,148.49145000000001,0.033448,6.885985983885323,-0.02100682841079629,0.04425086591803246,23.35549303814263,-0.008411330094113902,0.019929536301146467,0.0,0.0,0.0,0.0,0.0,0.0,0.0
-134,pedestrian,4,1,67,148.52519800000002,0.033748,6.8853316455649765,-0.019630149610404164,0.041300364011763756,23.35523332897618,-0.007791274993517951,0.01860165301787853,0.0,0.0,0.0,0.0,0.0,0.0,0.0
-134,pedestrian,4,1,68,148.558673,0.033475,6.884720136793569,-0.01834526314222255,0.0385465940454484,23.354992911186443,-0.007212533692143434,0.01736223904123552,0.0,0.0,0.0,0.0,0.0,0.0,0.0
