id,agent_type,type,sim_state,tick_count,sim_time,delta_time,x,x_vel,x_acc,y,y_vel,y_acc,s,s_vel,s_acc,d,d_vel,d_acc,yaw
4,pedestrian,1,2,1,0.0,0.0,-9.05174480646383,0.026732935714573483,0,11.715987640433013,1.3866034370577718,0,0.0,0.0,0.0,0.0,0.0,0.0,114.64885480567771
4,pedestrian,1,2,2,0.034277,0.034277,-9.072290271564883,0.026732935714573483,0,11.757078572264934,1.3866034370577718,0,0.0,0.0,0.0,0.0,0.0,0.0,114.64885480567771
4,pedestrian,1,2,3,0.067719,0.033442,-9.092040307233333,0.026732935714573483,0,11.797169646682384,1.3866034370577718,0,0.0,0.0,0.0,0.0,0.0,0.0,114.64885480567771
4,pedestrian,1,2,4,0.101199,0.03348,-9.102403540486659,0.026732935714573483,0,11.8376344772029,1.3866034370577718,0,0.0,0.0,0.0,0.0,0.0,0.0,114.64885480567771
4,pedestrian,1,2,5,0.134684,0.033485,-9.122474290819392,0.026732935714573483,0,11.887446609637738,1.3866034370577718,0,0.0,0.0,0.0,0.0,0.0,0.0,114.64885480567771
4,pedestrian,1,2,6,0.168155,0.033471,-9.14253720539597,0.026732935714573483,0,11.927572438855467,1.3866034370577718,0,0.0,0.0,0.0,0.0,0.0,0.0,114.64885480567771
4,pedestrian,1,2,7,0.201611,0.033456,-9.16259055122427,0.026732935714573483,0,11.967679131988696,1.3866034370577718,0,0.0,0.0,0.0,0.0,0.0,0.0,114.64885480567771
4,pedestrian,1,2,8,0.235081,0.03347,-9.18265231661155,0.026732935714573483,0,12.00780266086204,1.3866034370577718,0,0.0,0.0,0.0,0.0,0.0,0.0,114.64885480567771
4,pedestrian,1,2,9,0.268556,0.033475,-9.202717622817875,0.026732935714573483,0,12.048419684179688,1.3866034370577718,0,0.0,0.0,0.0,0.0,0.0,0.0,114.64885480567771
4,pedestrian,1,2,10,0.302031,0.033475,-9.222782358223828,0.026732935714573483,0,12.098062745399323,1.3866034370577718,0,0.0,0.0,0.0,0.0,0.0,0.0,114.64885480567771
4,pedestrian,1,2,11,0.335506,0.033475,-9.24284712576715,0.026732935714573483,0,12.138192280642558,1.3866034370577718,0,0.0,0.0,0.0,0.0,0.0,0.0,114.64885480567771
4,pedestrian,1,2,12,0.368981,0.033475,-9.262912426466245,0.026732935714573483,0,12.178322880872793,1.3866034370577718,0,0.0,0.0,0.0,0.0,0.0,0.0,114.64885480567771
4,pedestrian,1,2,13,0.402456,0.033475,-9.282977161672582,0.026732935714573483,0,12.218452350146238,1.3866034370577718,0,0.0,0.0,0.0,0.0,0.0,0.0,114.64885480567771
4,pedestrian,1,2,14,0.43593,0.033474,-9.303041336061321,0.026732935714573483,0,12.259228963150585,1.3866034370577718,0,0.0,0.0,0.0,0.0,0.0,0.0,114.64885480567771
4,pedestrian,1,2,15,0.469405,0.033475,-9.32310663068375,0.026732935714573483,0,12.308711290205427,1.3866034370577718,0,0.0,0.0,0.0,0.0,0.0,0.0,114.64885480567771
4,pedestrian,1,2,16,0.502879,0.033474,-9.343170765784171,0.026732935714573483,0,12.348839559020233,1.3866034370577718,0,0.0,0.0,0.0,0.0,0.0,0.0,114.64885480567771
4,pedestrian,1,2,17,0.536353,0.033474,-9.36248987542932,0.026732935714573483,0,12.388967919756933,1.3866034370577718,0,0.0,0.0,0.0,0.0,0.0,0.0,114.64885480567771
4,pedestrian,1,2,18,0.569842,0.033489,-9.373308626193106,0.026732935714573483,0,12.429115282339682,1.3866034370577718,0,0.0,0.0,0.0,0.0,0.0,0.0,114.64885480567771
4,pedestrian,1,2,19,0.603317,0.033475,-9.393373360116557,0.026732935714573483,0,12.470059028391905,1.3866034370577718,0,0.0,0.0,0.0,0.0,0.0,0.0,114.64885480567771
4,pedestrian,1,2,20,0.636816,0.033499,-9.413452531821873,0.026732935714573483,0,12.51940309387841,1.3866034370577718,0,0.0,0.0,0.0,0.0,0.0,0.0,114.64885480567771
4,pedestrian,1,2,21,0.670264,0.033448,-9.433501630973463,0.026732935714573483,0,12.559501290650037,1.3866034370577718,0,0.0,0.0,0.0,0.0,0.0,0.0,114.64885480567771
4,pedestrian,1,2,22,0.703726,0.033462,-9.453558574064578,0.026732935714573483,0,12.599615176344162,1.3866034370577718,0,0.0,0.0,0.0,0.0,0.0,0.0,114.64885480567771
4,pedestrian,1,2,23,0.737208,0.033482,-9.473627560414748,0.026732935714573483,0,12.640694525816494,1.3866034370577718,0,0.0,0.0,0.0,0.0,0.0,0.0,114.64885480567771
4,pedestrian,1,2,24,0.770683,0.033475,-9.493692838547707,0.026732935714573483,0,12.689883704218925,1.3866034370577718,0,0.0,0.0,0.0,0.0,0.0,0.0,114.64885480567771
4,pedestrian,1,2,25,0.804161,0.033478,-9.513759371239276,0.026732935714573483,0,12.730016769953853,1.3866034370577718,0,0.0,0.0,0.0,0.0,0.0,0.0,114.64885480567771
4,pedestrian,1,2,26,0.837636,0.033475,-9.533824167114966,0.026732935714573483,0,12.770146364700661,1.3866034370577718,0,0.0,0.0,0.0,0.0,0.0,0.0,114.64885480567771
4,pedestrian,1,2,27,0.871139,0.033503,-9.553906222553707,0.026732935714573483,0,12.810310474125101,1.3866034370577718,0,0.0,0.0,0.0,0.0,0.0,0.0,114.64885480567771
4,pedestrian,1,2,28,0.904712,0.033573,-9.574029698317641,0.026732935714573483,0,12.851699870122097,1.3866034370577718,0,0.0,0.0,0.0,0.0,0.0,0.0,114.64885480567771
4,pedestrian,1,2,29,0.938199,0.033487,-9.594101696497232,0.026732935714573483,0,12.900701420634496,1.3866034370577718,0,0.0,0.0,0.0,0.0,0.0,0.0,114.64885480567771
4,pedestrian,1,2,30,0.971665,0.033466,-9.614161564427267,0.026732935714573483,0,12.940821158323416,1.3866034370577718,0,0.0,0.0,0.0,0.0,0.0,0.0,114.64885480567771
4,pedestrian,1,2,31,1.005121,0.033456,-9.632979858772739,0.026732935714573483,0,12.980927850601606,1.3866034370577718,0,0.0,0.0,0.0,0.0,0.0,0.0,114.64885480567771
4,pedestrian,1,2,32,1.038614,0.033493,-9.644290511352526,0.026732935714573483,0,13.02107905066928,1.3866034370577718,0,0.0,0.0,0.0,0.0,0.0,0.0,114.64885480567771
4,pedestrian,1,2,33,1.072198,0.033584,-9.664421103399812,0.026732935714573483,0,13.062678382609302,1.3866034370577718,0,0.0,0.0,0.0,0.0,0.0,0.0,114.64885480567771
4,pedestrian,1,2,34,1.105667,0.033469,-9.684482240963002,0.026732935714573483,0,13.11146251048375,1.3866034370577718,0,0.0,0.0,0.0,0.0,0.0,0.0,114.64885480567771
4,pedestrian,1,2,35,1.139137,0.03347,-9.704544062470752,0.026732935714573483,0,13.151586153466667,1.3866034370577718,0,0.0,0.0,0.0,0.0,0.0,0.0,114.64885480567771
4,pedestrian,1,2,36,1.172592,0.033455,-9.724597324516136,0.026732935714573483,0,13.191692677423605,1.3866034370577718,0,0.0,0.0,0.0,0.0,0.0,0.0,114.64885480567771
4,pedestrian,1,2,37,1.206065,0.033473,-9.74466086086066,0.026732935714573483,0,13.231819750308217,1.3866034370577718,0,0.0,0.0,0.0,0.0,0.0,0.0,114.64885480567771
4,pedestrian,1,2,38,1.239537,0.033472,-9.764723886016478,0.026732935714573483,0,13.273435340025305,1.3866034370577718,0,0.0,0.0,0.0,0.0,0.0,0.0,114.64885480567771
4,pedestrian,1,2,39,1.27301,0.033473,-9.78478793205771,0.026732935714573483,0,13.322073893882061,1.3866034370577718,0,0.0,0.0,0.0,0.0,0.0,0.0,114.64885480567771
4,pedestrian,1,2,40,1.306484,0.033474,-9.804852067327726,0.026732935714573483,0,13.36220216422159,1.3866034370577718,0,0.0,0.0,0.0,0.0,0.0,0.0,114.64885480567771
4,pedestrian,1,2,41,1.339954,0.03347,-9.824913900582805,0.026732935714573483,0,13.402325828716089,1.3866034370577718,0,0.0,0.0,0.0,0.0,0.0,0.0,114.64885480567771
4,pedestrian,1,2,42,1.373427,0.033473,-9.844977940324403,0.026732935714573483,0,13.442453909095951,1.3866034370577718,0,0.0,0.0,0.0,0.0,0.0,0.0,114.64885480567771
4,pedestrian,1,2,43,1.406901,0.033474,-9.865042075056076,0.026732935714573483,0,13.484230813641327,1.3866034370577718,0,0.0,0.0,0.0,0.0,0.0,0.0,114.64885480567771
4,pedestrian,1,2,44,1.440374,0.033473,-9.88510571248447,0.026732935714573483,0,13.532709452034807,1.3866034370577718,0,0.0,0.0,0.0,0.0,0.0,0.0,114.64885480567771
4,pedestrian,1,2,45,1.473857,0.033483,-9.905175740790481,0.026732935714573483,0,13.572849510669757,1.3866034370577718,0,0.0,0.0,0.0,0.0,0.0,0.0,114.64885480567771
4,pedestrian,1,2,46,1.507331,0.033474,-9.923492340690938,0.026732935714573483,0,13.61297778160003,1.3866034370577718,0,0.0,0.0,0.0,0.0,0.0,0.0,114.64885480567771
4,pedestrian,1,2,47,1.540805,0.033474,-9.93530411736058,0.026732935714573483,0,13.65310626405609,1.3866034370577718,0,0.0,0.0,0.0,0.0,0.0,0.0,114.64885480567771
4,pedestrian,1,2,48,1.574279,0.033474,-9.955368745570588,0.026732935714573483,0,13.69504749079052,1.3866034370577718,0,0.0,0.0,0.0,0.0,0.0,0.0,114.64885480567771
4,pedestrian,1,2,49,1.607755,0.033476,-9.975434079389807,0.026732935714573483,0,13.743366189350557,1.3866034370577718,0,0.0,0.0,0.0,0.0,0.0,0.0,114.64885480567771
4,pedestrian,1,2,50,1.641234,0.033479,-9.99550132402629,0.026732935714573483,0,13.783500678185073,1.3866034370577718,0,0.0,0.0,0.0,0.0,0.0,0.0,114.64885480567771
4,pedestrian,1,2,51,1.674709,0.033475,-10.015566545303352,0.026732935714573483,0,13.823631121262004,1.3866034370577718,0,0.0,0.0,0.0,0.0,0.0,0.0,114.64885480567771
4,pedestrian,1,2,52,1.708205,0.033496,-10.035643867765863,0.026732935714573483,0,13.863785765680946,1.3866034370577718,0,0.0,0.0,0.0,0.0,0.0,0.0,114.64885480567771
4,pedestrian,1,2,53,1.741701,0.033496,-10.055721309052736,0.026732935714573483,0,13.905928898596862,1.3866034370577718,0,0.0,0.0,0.0,0.0,0.0,0.0,114.64885480567771
4,pedestrian,1,2,54,1.775186,0.033485,-10.07579251745883,0.026732935714573483,0,13.95408306450973,1.3866034370577718,0,0.0,0.0,0.0,0.0,0.0,0.0,114.64885480567771
4,pedestrian,1,2,55,1.808648,0.033462,-10.095849459777172,0.026732935714573483,0,13.994196949523262,1.3866034370577718,0,0.0,0.0,0.0,0.0,0.0,0.0,114.64885480567771
4,pedestrian,1,2,56,1.842102,0.033454,-10.115901731459891,0.026732935714573483,0,14.034301493580493,1.3866034370577718,0,0.0,0.0,0.0,0.0,0.0,0.0,114.64885480567771
4,pedestrian,1,2,57,1.875577,0.033475,-10.135966941517818,0.026732935714573483,0,14.0765429807947,1.3866034370577718,0,0.0,0.0,0.0,0.0,0.0,0.0,114.64885480567771
4,pedestrian,1,2,58,1.909052,0.033475,-10.156031676481,0.026732935714573483,0,14.124561381535223,1.3866034370577718,0,0.0,0.0,0.0,0.0,0.0,0.0,114.64885480567771
4,pedestrian,1,2,59,1.942525,0.033473,-10.176095341839096,0.026732935714573483,0,14.164688714528145,1.3866034370577718,0,0.0,0.0,0.0,0.0,0.0,0.0,114.64885480567771
4,pedestrian,1,2,60,1.975998,0.033473,-10.193952075984404,0.026732935714573483,0,14.204816723514819,1.3866034370577718,0,0.0,0.0,0.0,0.0,0.0,0.0,114.64885480567771
4,pedestrian,1,2,61,2.009472,0.033474,-10.206223482459837,0.026732935714573483,0,14.244944993790485,1.3866034370577718,0,0.0,0.0,0.0,0.0,0.0,0.0,114.64885480567771
4,pedestrian,1,2,62,2.042957,0.033485,-10.226294347737014,0.026732935714573483,0,14.287361493816164,1.3866034370577718,0,0.0,0.0,0.0,0.0,0.0,0.0,114.64885480567771
4,pedestrian,1,2,63,2.076431,0.033474,-10.24635894566547,0.026732935714573483,0,14.335215920429514,1.3866034370577718,0,0.0,0.0,0.0,0.0,0.0,0.0,114.64885480567771
4,pedestrian,1,2,64,2.109918,0.033487,-10.266430873010261,0.026732935714573483,0,14.375359775890107,1.3866034370577718,0,0.0,0.0,0.0,0.0,0.0,0.0,114.64885480567771
4,pedestrian,1,2,65,2.143403,0.033485,-10.286501743957364,0.026732935714573483,0,14.415501517962593,1.3866034370577718,0,0.0,0.0,0.0,0.0,0.0,0.0,114.64885480567771
4,pedestrian,1,2,66,2.17689,0.033487,-10.306574127917424,0.026732935714573483,0,14.455646285657828,1.3866034370577718,0,0.0,0.0,0.0,0.0,0.0,0.0,114.64885480567771
4,pedestrian,1,2,67,2.210377,0.033487,-10.326646055471535,0.026732935714573483,0,14.498240764987834,1.3866034370577718,0,0.0,0.0,0.0,0.0,0.0,0.0,114.64885480567771
4,pedestrian,1,2,68,2.243876,0.033499,-10.346725324606348,0.026732935714573483,0,14.545948677991571,1.3866034370577718,0,0.0,0.0,0.0,0.0,0.0,0.0,114.64885480567771
4,pedestrian,1,2,69,2.277357,0.033481,-10.366794106526616,0.026732935714573483,0,14.586086240259954,1.3866034370577718,0,0.0,0.0,0.0,0.0,0.0,0.0,114.64885480567771
4,pedestrian,1,2,70,2.310843,0.033486,-10.386865434123774,0.026732935714573483,0,14.62622889669176,1.3866034370577718,0,0.0,0.0,0.0,0.0,0.0,0.0,114.64885480567771
4,pedestrian,1,2,71,2.344302,0.033459,-10.406920733040653,0.026732935714573483,0,14.666339496724657,1.3866034370577718,0,0.0,0.0,0.0,0.0,0.0,0.0,114.64885480567771
4,pedestrian,1,2,72,2.37777,0.033468,-10.42698171573179,0.026732935714573483,0,14.709079917631707,1.3866034370577718,0,0.0,0.0,0.0,0.0,0.0,0.0,114.64885480567771
4,pedestrian,1,2,73,2.411255,0.033485,-10.447052444795442,0.026732935714573483,0,14.756602919519471,1.3866034370577718,0,0.0,0.0,0.0,0.0,0.0,0.0,114.64885480567771
4,pedestrian,1,2,74,2.444729,0.033474,-10.464430773946503,0.026732935714573483,0,14.796731512178479,1.3866034370577718,0,0.0,0.0,0.0,0.0,0.0,0.0,114.64885480567771
4,pedestrian,1,2,75,2.478204,0.033475,-10.477181914406179,0.026732935714573483,0,14.836861857141068,1.3866034370577718,0,0.0,0.0,0.0,0.0,0.0,0.0,114.64885480567771
