id,agent_type,type,sim_state,tick_count,sim_time,delta_time,x,x_vel,x_acc,y,y_vel,y_acc,s,s_vel,s_acc,d,d_vel,d_acc,yaw
-79,pedestrian,4,1,1,125.692233,0.0,-9.743785629587425,-0.06122473380127413,-0.999611179329267,9.755284280262666,1.478899188184053,-0.4702102269836094,0.0,0.0,0.0,0.0,0.0,0.0,0.0
-79,pedestrian,4,1,2,125.727099,0.034866,-9.74701065190887,-0.0967506696433196,-1.0657780752613641,9.804032642206758,1.4624508583227844,-0.4934498958380535,0.0,0.0,0.0,0.0,0.0,0.0,0.0
-79,pedestrian,4,1,3,125.760564,0.033465,-9.751367066129635,-0.13069242662296726,-1.01825270938943,9.852256041504068,1.4467019789193007,-0.47246638210451275,0.0,0.0,0.0,0.0,0.0,0.0,0.0
-79,pedestrian,4,1,4,125.794071,0.033507,-9.75680474657244,-0.1631304132841541,-0.9731395998356049,9.899976658198964,1.4316185008468685,-0.4525043421729702,0.0,0.0,0.0,0.0,0.0,0.0,0.0
-79,pedestrian,4,1,5,125.827583,0.033512,-9.763276004952674,-0.1941377514070049,-0.9302201436855246,9.947215185406066,1.417155816213031,-0.4338805390151185,0.0,0.0,0.0,0.0,0.0,0.0,0.0
-79,pedestrian,4,1,6,125.861067,0.033484,-9.770736388178634,-0.22381149677877224,-0.8902123611530203,9.993989721998691,1.4032360977787655,-0.4175915530279668,0.0,0.0,0.0,0.0,0.0,0.0,0.0
-79,pedestrian,4,1,7,125.89455600000001,0.033489,-9.779142361681572,-0.25217920508814856,-0.851031249281289,10.04031850269843,1.389863420992183,-0.4011803035974736,0.0,0.0,0.0,0.0,0.0,0.0,0.0
-79,pedestrian,4,1,8,125.92803,0.033474,-9.788451091020171,-0.27926188015798764,-0.8124802520951718,10.08621742022747,1.3769675258712013,-0.3868768536294469,0.0,0.0,0.0,0.0,0.0,0.0,0.0
-79,pedestrian,4,1,9,125.96148,0.03345,-9.798624035958422,-0.3051883481475387,-0.777794039686531,10.131701196597705,1.3645132911070241,-0.37362704292531773,0.0,0.0,0.0,0.0,0.0,0.0,0.0
-79,pedestrian,4,1,10,125.994946,0.033466,-9.809623525038777,-0.3299846724106332,-0.7438897278928344,10.176785238656484,1.3525212617633846,-0.3597608803091828,0.0,0.0,0.0,0.0,0.0,0.0,0.0
-79,pedestrian,4,1,11,126.02842,0.033474,-9.821413646307317,-0.35370363805621036,-0.7115689693673152,10.221484075324934,1.340965100053538,-0.34668485129539445,0.0,0.0,0.0,0.0,0.0,0.0,0.0
-79,pedestrian,4,1,12,126.061898,0.033478,-9.833960231837578,-0.3763975659078108,-0.6808178355480133,10.265811288077092,1.3298163825647251,-0.3344615246643889,0.0,0.0,0.0,0.0,0.0,0.0,0.0
-79,pedestrian,4,1,13,126.09537,0.033472,-9.847231485142128,-0.39813759913651686,-0.6522009968611807,10.309778190479582,1.3190070720747011,-0.32427931470071986,0.0,0.0,0.0,0.0,0.0,0.0,0.0
-79,pedestrian,4,1,14,126.128843,0.033473,-9.86119803151144,-0.4189963910793477,-0.625763758284926,10.353398212215863,1.308600652088451,-0.31219259958750256,0.0,0.0,0.0,0.0,0.0,0.0,0.0
-79,pedestrian,4,1,15,126.162316,0.033473,-9.875830089934393,-0.4389617526885776,-0.5989608482768967,10.396682961199614,1.298542469512549,-0.3017454772770633,0.0,0.0,0.0,0.0,0.0,0.0,0.0
-79,pedestrian,4,1,16,126.195794,0.033478,-9.891099313423704,-0.45807670467929795,-0.5734485597216097,10.43964345029614,1.288814672895769,-0.2918338985034,0.0,0.0,0.0,0.0,0.0,0.0,0.0
-79,pedestrian,4,1,17,126.22926700000001,0.033473,-9.906978786504725,-0.476384192430647,-0.5492246325404709,10.48228994643624,1.2793948842029863,-0.2825936607834784,0.0,0.0,0.0,0.0,0.0,0.0,0.0
-79,pedestrian,4,1,18,126.26274000000001,0.033473,-9.923443299794549,-0.4939353986947204,-0.5265361879222031,10.524630501812744,1.2702166612951538,-0.2753466872349759,0.0,0.0,0.0,0.0,0.0,0.0,0.0
-79,pedestrian,4,1,19,126.296214,0.033474,-9.94046843046408,-0.5107539200859046,-0.5045556417355266,10.566674678879254,1.2613253119952657,-0.26674047899664066,0.0,0.0,0.0,0.0,0.0,0.0,0.0
-79,pedestrian,4,1,20,126.329686,0.033472,-9.958031229476465,-0.5268839703715704,-0.483901508569975,10.608431649036003,1.2527091047024832,-0.25848621878347633,0.0,0.0,0.0,0.0,0.0,0.0,0.0
-79,pedestrian,4,1,21,126.363159,0.033473,-9.976111656646617,-0.5424128151045773,-0.4658653419902051,10.649910763836177,1.2443734440051895,-0.25006982091881447,0.0,0.0,0.0,0.0,0.0,0.0,0.0
-79,pedestrian,4,1,22,126.396632,0.033473,-9.994688822419986,-0.5573149732010433,-0.44706474289398157,10.691120085299952,1.236279643913275,-0.24281400275743056,0.0,0.0,0.0,0.0,0.0,0.0,0.0
-79,pedestrian,4,1,23,126.430104,0.033472,-10.013743009961344,-0.5716256262406927,-0.4293195911894808,10.732067245593836,1.228414808816517,-0.2359450529027451,0.0,0.0,0.0,0.0,0.0,0.0,0.0
-79,pedestrian,4,1,24,126.463576,0.033472,-10.033255919559515,-0.5853872879451654,-0.4128498511341788,10.772759282340273,1.2207611023930902,-0.22961119270280292,0.0,0.0,0.0,0.0,0.0,0.0,0.0
-79,pedestrian,4,1,25,126.497049,0.033473,-10.053212119263563,-0.5986859911214285,-0.3989610952878929,10.81320162778142,1.2132703632344048,-0.2247221747605581,0.0,0.0,0.0,0.0,0.0,0.0,0.0
-79,pedestrian,4,1,26,126.530523,0.033474,-10.07359509839448,-0.6114893739274976,-0.38410148418207285,10.853400667182232,1.205971182024381,-0.21897543630071278,0.0,0.0,0.0,0.0,0.0,0.0,0.0
-79,pedestrian,4,1,27,126.564013,0.03349,-10.0943897479465,-0.6238394865606218,-0.3705033789937258,10.893362391370582,1.1988517256504834,-0.2135836912169326,0.0,0.0,0.0,0.0,0.0,0.0,0.0
-79,pedestrian,4,1,28,126.597487,0.033474,-10.115583665591066,-0.6358175293369603,-0.3593412832901571,10.933092641761839,1.191907511737695,-0.2083264173836562,0.0,0.0,0.0,0.0,0.0,0.0,0.0
-79,pedestrian,4,1,29,126.630961,0.033474,-10.137163638176919,-0.6473991775755563,-0.34744944715787995,10.972596244932223,1.1851080951115545,-0.20398249878421196,0.0,0.0,0.0,0.0,0.0,0.0,0.0
-79,pedestrian,4,1,30,126.664435,0.033474,-10.159117953296835,-0.6586294535975105,-0.3369082806586244,11.01187750841861,1.17843790459161,-0.2001057155983305,0.0,0.0,0.0,0.0,0.0,0.0,0.0
-79,pedestrian,4,1,31,126.697909,0.033474,-10.18143765557816,-0.6695910684397159,-0.3288484452661647,11.050940331428526,1.1718846902974946,-0.19659642882346193,0.0,0.0,0.0,0.0,0.0,0.0,0.0
-79,pedestrian,4,1,32,126.731385,0.033476,-10.204113553260015,-0.6802769304556819,-0.320575860478981,11.089787540281096,1.1654162655770643,-0.1940527416129112,0.0,0.0,0.0,0.0,0.0,0.0,0.0
-79,pedestrian,4,1,33,126.764858,0.033473,-10.225385755571203,-0.6381660693356347,1.2633258336014184,11.125944718277148,1.0847153398816032,-2.4210277708638346,0.0,0.0,0.0,0.0,0.0,0.0,0.0
-79,pedestrian,4,1,34,126.798359,0.033501,-10.24534507703584,-0.5987796439390645,1.181592761897107,11.159591057998895,1.0093901916524053,-2.259754446875934,0.0,0.0,0.0,0.0,0.0,0.0,0.0
-79,pedestrian,4,1,35,126.831811,0.033452,-10.264076124469515,-0.5619314230102685,1.1054466278638784,11.19089363059572,0.9390771779047667,-2.109390412429156,0.0,0.0,0.0,0.0,0.0,0.0,0.0
-79,pedestrian,4,1,36,126.865296,0.033485,-10.281658797672579,-0.5274801960919008,1.0335368075510323,11.220008302221942,0.8734401487866095,-1.96911087354472,0.0,0.0,0.0,0.0,0.0,0.0,0.0
-79,pedestrian,4,1,37,126.898752,0.033456,-10.298165966763204,-0.4952150727187471,0.9679537011946096,11.24708036547234,0.8121618975119532,-1.8383475382396868,0.0,0.0,0.0,0.0,0.0,0.0,0.0
-79,pedestrian,4,1,38,126.932203,0.033451,-10.31366657825098,-0.4650183446333029,0.9059018425633263,11.272245393444157,0.7549508391544928,-1.716331750723812,0.0,0.0,0.0,0.0,0.0,0.0,0.0
-79,pedestrian,4,1,39,126.965677,0.033474,-10.328223449356155,-0.43670613315524337,0.8493663443417858,11.2956299981163,0.7015381401643284,-1.6023809697049334,0.0,0.0,0.0,0.0,0.0,0.0,0.0
-79,pedestrian,4,1,40,126.999156,0.033479,-10.341896130602601,-0.41018043739337684,0.7957708728559953,11.31735232092484,0.6516696842561782,-1.4960536772445028,0.0,0.0,0.0,0.0,0.0,0.0,0.0
-79,pedestrian,4,1,41,127.032631,0.033475,-10.354738848613344,-0.385281540322279,0.7469669121329356,11.337522945058103,0.6051187239978728,-1.3965288077491624,0.0,0.0,0.0,0.0,0.0,0.0,0.0
-79,pedestrian,4,1,42,127.066124,0.033493,-10.366803134113745,-0.3619285650120473,0.7005892593069512,11.35624503473679,0.5616626903606122,-1.3036810091178161,0.0,0.0,0.0,0.0,0.0,0.0,0.0
-79,pedestrian,4,1,43,127.099601,0.033477,-10.37813593237067,-0.33998394770773044,0.6583385191295049,11.37361539575961,0.521110830684544,-1.2165557902820456,0.0,0.0,0.0,0.0,0.0,0.0,0.0
-79,pedestrian,4,1,44,127.13307400000001,0.033473,-10.38878196111803,-0.3193808624207691,0.6180925586088403,11.389724289186974,0.48326680282093326,-1.1353208359083227,0.0,0.0,0.0,0.0,0.0,0.0,0.0
-79,pedestrian,4,1,45,127.166582,0.033508,-10.398782030439492,-0.30000207964388825,0.5813634833064242,11.404656623844547,0.44797003972715776,-1.0589028928132649,0.0,0.0,0.0,0.0,0.0,0.0,0.0
-79,pedestrian,4,1,46,127.200095,0.033513,-10.408175088857837,-0.28179175255033034,0.5463098128067374,11.418491494187164,0.4150461102784989,-0.9877178834597659,0.0,0.0,0.0,0.0,0.0,0.0,0.0
-79,pedestrian,4,1,47,127.233598,0.033503,-10.416996775602652,-0.26465060234443427,0.5142345061768816,11.431303471928636,0.38435933224418484,-0.9206033410294224,0.0,0.0,0.0,0.0,0.0,0.0,0.0
-79,pedestrian,4,1,48,127.267079,0.033481,-10.425281380610476,-0.24853815023474132,0.4833735632907884,11.443161767308098,0.35574886138385126,-0.8583141258100077,0.0,0.0,0.0,0.0,0.0,0.0,0.0
-79,pedestrian,4,1,49,127.300528,0.033449,-10.433060768440559,-0.2333816349024347,0.4546954599691995,11.454131371714414,0.32908813218948346,-0.7998218758310336,0.0,0.0,0.0,0.0,0.0,0.0,0.0
-79,pedestrian,4,1,50,127.333995,0.033467,-10.440364251406761,-0.2191044889860768,0.4283143774907367,11.464273717870418,0.30427038468010725,-0.744532425281286,0.0,0.0,0.0,0.0,0.0,0.0,0.0
-79,pedestrian,4,1,51,127.367469,0.033474,-10.447219909889466,-0.20566975448112004,0.4030420351487025,11.473645817768016,0.28116299692794205,-0.6932216325649558,0.0,0.0,0.0,0.0,0.0,0.0,0.0
-79,pedestrian,4,1,52,127.400943,0.033474,-10.45365366792946,-0.1930127411998248,0.3797103984388566,11.482301627407184,0.25967428917501284,-0.644661232587876,0.0,0.0,0.0,0.0,0.0,0.0,0.0
-79,pedestrian,4,1,53,127.43441800000001,0.033475,-10.459690368635682,-0.1811010211866519,0.357351600395188,11.490291119510063,0.23968476308641287,-0.5996857826579988,0.0,0.0,0.0,0.0,0.0,0.0,0.0
-79,pedestrian,4,1,54,127.467894,0.033476,-10.465353174085216,-0.169884163486037,0.3365057310184466,11.497661746931207,0.22111882263434496,-0.5569782135620374,0.0,0.0,0.0,0.0,0.0,0.0,0.0
-79,pedestrian,4,1,55,127.501368,0.033474,-10.470664618098127,-0.15934332038732843,0.3162252929612571,11.504457650418722,0.20387710462540873,-0.5172515402680868,0.0,0.0,0.0,0.0,0.0,0.0,0.0
-79,pedestrian,4,1,56,127.534843,0.033475,-10.47564513704615,-0.14941556844072248,0.2978325583981784,11.510720168632096,0.18787554640119403,-0.48004674672644143,0.0,0.0,0.0,0.0,0.0,0.0,0.0
-79,pedestrian,4,1,57,127.56831700000001,0.033474,-10.480314383163558,-0.14007738352223836,0.2801455475545235,11.51648723932598,0.17301212081648365,-0.44590276754131164,0.0,0.0,0.0,0.0,0.0,0.0,0.0
-79,pedestrian,4,1,58,127.601791,0.033474,-10.484690774279176,-0.1312917334685506,0.26356950161063253,11.52179452789473,0.15921865706252303,-0.41380391261881844,0.0,0.0,0.0,0.0,0.0,0.0,0.0
-79,pedestrian,4,1,59,127.635266,0.033475,-10.488791501205693,-0.12302180779551397,0.2480977701910993,11.526675822321733,0.14643883281009806,-0.38339472757274856,0.0,0.0,0.0,0.0,0.0,0.0,0.0
-79,pedestrian,4,1,60,127.66874,0.033474,-10.492632981489727,-0.11524440852100404,0.23332197823529785,11.531162198030191,0.13459127125375775,-0.355426846690209,0.0,0.0,0.0,0.0,0.0,0.0,0.0
-79,pedestrian,4,1,61,127.702219,0.033479,-10.496230573081478,-0.10792774775252321,0.2194998230544247,11.53528308529993,0.12362661809214523,-0.32893959484837565,0.0,0.0,0.0,0.0,0.0,0.0,0.0
-79,pedestrian,4,1,62,127.735694,0.033475,-10.499598913796197,-0.10105022144156714,0.2063257893286823,11.53906549960149,0.11347242904680495,-0.30462567136020846,0.0,0.0,0.0,0.0,0.0,0.0,0.0
-79,pedestrian,4,1,63,127.769169,0.033475,-10.502751720827545,-0.0945842109404517,0.19398031503346316,11.542535013899146,0.10408542892966641,-0.28161000351415627,0.0,0.0,0.0,0.0,0.0,0.0,0.0
-79,pedestrian,4,1,64,127.802643,0.033474,-10.505702040885009,-0.0885096017239294,0.1822382764956692,11.545715059596173,0.09540137091080458,-0.26052174056585475,0.0,0.0,0.0,0.0,0.0,0.0,0.0
-79,pedestrian,4,1,65,127.836144,0.033501,-10.508462207287732,-0.08280499208171718,0.17113828926636648,11.548627835937097,0.0873832902277461,-0.24054242049175442,0.0,0.0,0.0,0.0,0.0,0.0,0.0
-79,pedestrian,4,1,66,127.86961,0.033466,-10.511044083687475,-0.07745629199228005,0.16046100268311414,11.55129369490917,0.07997576916218223,-0.22222563196691625,0.0,0.0,0.0,0.0,0.0,0.0,0.0
-79,pedestrian,4,1,67,127.903096,0.033486,-10.513458536233975,-0.07243357639497597,0.1506814679191223,11.553731780209603,0.07314255901301006,-0.20499630447516493,0.0,0.0,0.0,0.0,0.0,0.0,0.0
-79,pedestrian,4,1,68,127.936567,0.033471,-10.51571586028324,-0.06771972147798624,0.14141564750969185,11.555959579224984,0.06683397046146247,-0.18925765654642754,0.0,0.0,0.0,0.0,0.0,0.0,0.0
-79,pedestrian,4,1,69,127.970024,0.033457,-10.517825731275838,-0.06329612977796448,0.1327077510006531,11.557993615041957,0.06102107450918706,-0.1743868785682624,0.0,0.0,0.0,0.0,0.0,0.0,0.0
-79,pedestrian,4,1,70,128.003493,0.033469,-10.519797298797572,-0.059147025651988636,0.12447312377927533,11.559848955782808,0.05566022222554392,-0.16082556850929425,0.0,0.0,0.0,0.0,0.0,0.0,0.0
-79,pedestrian,4,1,71,128.036967,0.033474,-10.521639164785862,-0.05525597964867239,0.11673138009948736,11.561539831471386,0.050726270657348624,-0.14801854704585887,0.0,0.0,0.0,0.0,0.0,0.0,0.0
-79,pedestrian,4,1,72,128.070443,0.033476,-10.523359447931204,-0.0516084943602937,0.10942455865136075,11.563079200893707,0.04618108266964239,-0.13635563963118705,0.0,0.0,0.0,0.0,0.0,0.0,0.0
-79,pedestrian,4,1,73,128.103917,0.033474,-10.524965783412695,-0.04819006444469206,0.10255289746804937,11.564479293190917,0.04200276891629024,-0.12534941260056437,0.0,0.0,0.0,0.0,0.0,0.0,0.0
-79,pedestrian,4,1,74,128.137391,0.033474,-10.526465364790349,-0.044987441329631034,0.09607869345183077,11.565751229314229,0.038158083699344154,-0.11534055650838258,0.0,0.0,0.0,0.0,0.0,0.0,0.0
-79,pedestrian,4,1,75,128.170865,0.033474,-10.527864958207518,-0.04198780251504003,0.08998916443773014,11.566905496540189,0.03462801677878249,-0.10590200761685001,0.0,0.0,0.0,0.0,0.0,0.0,0.0
-79,pedestrian,4,1,76,128.204338,0.033473,-10.529170974107469,-0.03918047699853883,0.08421976549503615,11.567951617803933,0.031383637912325915,-0.09733136599369716,0.0,0.0,0.0,0.0,0.0,0.0,0.0
-79,pedestrian,4,1,77,128.237811,0.033473,-10.530389498855943,-0.03655574245419466,0.07874203633032498,11.568898561354821,0.028408306526638203,-0.08925994157063136,0.0,0.0,0.0,0.0,0.0,0.0,0.0
-79,pedestrian,4,1,78,128.271286,0.033475,-10.531526134076685,-0.034099056622270585,0.07370057495772242,11.569754464717827,0.025677100890164378,-0.08193616909421478,0.0,0.0,0.0,0.0,0.0,0.0,0.0
-79,pedestrian,4,1,79,128.30476,0.033474,-10.532586148332864,-0.03180042768537189,0.0689588681069609,11.57052699186794,0.023175814503403187,-0.0750385916028357,0.0,0.0,0.0,0.0,0.0,0.0,0.0
-79,pedestrian,4,1,80,128.338232,0.033472,-10.533574484713533,-0.029650091420077383,0.06451008795883525,11.571223085771917,0.020882817119329565,-0.06878992152220866,0.0,0.0,0.0,0.0,0.0,0.0,0.0
-79,pedestrian,4,1,81,128.371705,0.033473,-10.534495791892793,-0.027639215377777342,0.06032628126900125,11.57184928043432,0.018785839872040376,-0.06290931741867568,0.0,0.0,0.0,0.0,0.0,0.0,0.0
-79,pedestrian,4,1,82,128.405181,0.033476,-10.535354425748656,-0.02575901567587599,0.05640599105704061,11.572411487751424,0.01686621951313565,-0.05758861076714182,0.0,0.0,0.0,0.0,0.0,0.0,0.0
-79,pedestrian,4,1,83,128.438654,0.033473,-10.53615448200563,-0.024001687709212172,0.05271983899991455,11.572915267550552,0.015113393973861222,-0.052584766178232864,0.0,0.0,0.0,0.0,0.0,0.0,0.0
-79,pedestrian,4,1,84,128.472128,0.033474,-10.536899793938224,-0.0223593579778346,0.04926989194132709,11.573365643768573,0.013511286540612214,-0.04806322299747024,0.0,0.0,0.0,0.0,0.0,0.0,0.0
-79,pedestrian,4,1,85,128.505599,0.033471,-10.537593989696077,-0.020825872735636353,0.0460045572659475,11.573767329952673,0.01205058552298276,-0.04382103052888358,0.0,0.0,0.0,0.0,0.0,0.0,0.0
-79,pedestrian,4,1,86,128.539072,0.033473,-10.538240484658544,-0.019394848874002814,0.042930715849006124,11.574124570525065,0.01071721717171888,-0.04000105053791644,0.0,0.0,0.0,0.0,0.0,0.0,0.0
-79,pedestrian,4,1,87,128.572546,0.033474,-10.5388424345651,-0.01805849719664346,0.04009055032078054,11.57444136756915,0.009503911322562612,-0.036399175474687996,0.0,0.0,0.0,0.0,0.0,0.0,0.0
-79,pedestrian,4,1,88,128.60602,0.033474,-10.539402787738457,-0.016810595200726614,0.037437059877505396,11.574721328238159,0.008398820070273316,-0.03315273756867888,0.0,0.0,0.0,0.0,0.0,0.0,0.0
