id,agent_type,type,sim_state,tick_count,sim_time,delta_time,x,x_vel,x_acc,y,y_vel,y_acc,s,s_vel,s_acc,d,d_vel,d_acc,yaw
102,pedestrian,1,2,1,202.869333,0.0,-11.581744805444032,-0.4101301996866524,0,14.275987640954554,1.608365603259853,0,0.0,0.0,0.0,0.0,0.0,0.0,297.13018297689365
102,pedestrian,1,2,2,202.902825,0.033492,-11.551669881092646,-0.29816767779958925,0,14.225800331253279,1.6321967961412702,0,0.0,0.0,0.0,0.0,0.0,0.0,297.0611919348551
102,pedestrian,1,2,3,202.93873000000002,0.035905,-11.529350452611556,-0.18602545906100124,0,14.171997051970708,1.6478420212326579,0,0.0,0.0,0.0,0.0,0.0,0.0,296.99291522992814
102,pedestrian,1,2,4,202.972218,0.033488,-11.499240834368187,-0.07193839523036938,0,14.121814354761831,1.6562104492687006,0,0.0,0.0,0.0,0.0,0.0,0.0,296.9239090698095
102,pedestrian,1,2,5,203.00569800000002,0.03348,-11.47000775972047,0.04238817052172654,0,14.07164502690543,1.6567499653843998,0,0.0,0.0,0.0,0.0,0.0,0.0,296.8549212903351
102,pedestrian,1,2,6,203.039183,0.033485,-11.4490330635588,0.1573162196983826,0,14.021468070913746,1.6493237049781635,0,0.0,0.0,0.0,0.0,0.0,0.0,296.7854051171024
102,pedestrian,1,2,7,203.072663,0.03348,-11.418930647562625,0.27996302102956955,0,13.971297377392434,1.6325781534822055,0,0.0,0.0,0.0,0.0,0.0,0.0,296.71066632550355
102,pedestrian,1,2,8,203.10611200000002,0.033449,-11.389819550476165,0.4008819752410434,0,13.92117450177343,1.606789635377113,0,0.0,0.0,0.0,0.0,0.0,0.0,296.6359987651111
102,pedestrian,1,2,9,203.139577,0.033465,-11.368768721562146,0.5195874276864271,0,13.87201953016629,1.5720927991683058,0,0.0,0.0,0.0,0.0,0.0,0.0,296.5612952667775
102,pedestrian,1,2,10,203.17305100000002,0.033474,-11.339696075182882,0.6362728116487218,0,13.830865813704461,1.5282409616576302,0,0.0,0.0,0.0,0.0,0.0,0.0,296.48598297039706
102,pedestrian,1,2,11,203.20652700000002,0.033476,-11.318573709109707,0.7561043703289522,0,13.780702479695625,1.47245885048719,0,0.0,0.0,0.0,0.0,0.0,0.0,296.4061124786076
102,pedestrian,1,2,12,203.240002,0.033475,-11.288476508684106,0.8655113988245234,0,13.730540479985997,1.4105489420724329,0,0.0,0.0,0.0,0.0,0.0,0.0,296.330138238201
102,pedestrian,1,2,13,203.27347600000002,0.033474,-11.259501271760653,0.9828684051706956,0,13.680378806047866,1.3313473778244536,0,0.0,0.0,0.0,0.0,0.0,0.0,296.244559398163
102,pedestrian,1,2,14,203.30695,0.033474,-11.238283302326638,1.0874000214605057,0,13.630218468176189,1.2471648366382204,0,0.0,0.0,0.0,0.0,0.0,0.0,296.1634269808674
102,pedestrian,1,2,15,203.340425,0.033475,-11.209372330574553,1.1794053684938814,0,13.580056453840907,1.1613628122624227,0,0.0,0.0,0.0,0.0,0.0,0.0,296.0873997897555
102,pedestrian,1,2,16,203.37390000000002,0.033475,-11.18808819869886,1.1909864536474077,0,13.531112164139191,1.148468406346476,0,0.0,0.0,0.0,0.0,0.0,0.0,296.0769243828289
102,pedestrian,1,2,17,203.407373,0.033473,-11.15924353241379,1.2851267834298346,0,13.489734456549666,1.041378754892232,0,0.0,0.0,0.0,0.0,0.0,0.0,295.9907076884464
102,pedestrian,1,2,18,203.44084700000002,0.033474,-11.137896576760468,1.3697168880595023,0,13.43957392703657,0.9266336576911129,0,0.0,0.0,0.0,0.0,0.0,0.0,295.904488087958
102,pedestrian,1,2,19,203.474322,0.033475,-11.109114062489272,1.4446356284925745,0,13.38941078266293,0.8039268829062652,0,0.0,0.0,0.0,0.0,0.0,0.0,295.8175103445069
102,pedestrian,1,2,20,203.50779500000002,0.033473,-11.08770338709613,1.5121548789334327,0,13.339251942594371,0.6677703433128456,0,0.0,0.0,0.0,0.0,0.0,0.0,295.7255458704988
102,pedestrian,1,2,21,203.541269,0.033474,-11.057607060512016,1.5669886633439287,0,13.289091398721599,0.5260392582525856,0,0.0,0.0,0.0,0.0,0.0,0.0,295.63357827013044
102,pedestrian,1,2,22,203.57474200000001,0.033473,-11.028922256153113,1.6087113160681974,0,13.238931267119819,0.3799147752894239,0,0.0,0.0,0.0,0.0,0.0,0.0,295.5416114276377
102,pedestrian,1,2,23,203.608215,0.033473,-11.00741567771084,1.6370762982280247,0,13.188772429865534,0.22923421955317802,0,0.0,0.0,0.0,0.0,0.0,0.0,295.4488201511651
102,pedestrian,1,2,24,203.64168800000002,0.033473,-10.978795096231162,1.6519437425519004,0,13.138613367744139,0.06844312528310044,0,0.0,0.0,0.0,0.0,0.0,0.0,295.3511074670013
102,pedestrian,1,2,25,203.675161,0.033473,-10.958731049706332,1.651212435194396,0,13.088453250083475,-0.0930737501220435,0,0.0,0.0,0.0,0.0,0.0,0.0,295.25339272476157
102,pedestrian,1,2,26,203.70863300000002,0.033472,-10.937129767008964,1.634488393037366,0,13.039834255420685,-0.2552211419731307,0,0.0,0.0,0.0,0.0,0.0,0.0,295.1548019827772
102,pedestrian,1,2,27,203.742107,0.033474,-10.90860388359406,1.600564202871357,0,12.998135335611883,-0.4214407777527357,0,0.0,0.0,0.0,0.0,0.0,0.0,295.0522381811042
102,pedestrian,1,2,28,203.77557900000002,0.033472,-10.88693826066517,1.5519547716827142,0,12.94797673062386,-0.5772468054562571,0,0.0,0.0,0.0,0.0,0.0,0.0,294.9536084033601
102,pedestrian,1,2,29,203.809052,0.033473,-10.85847690709507,1.4849165471203434,0,12.897817890760942,-0.7348748286795745,0,0.0,0.0,0.0,0.0,0.0,0.0,294.8501483701011
102,pedestrian,1,2,30,203.84252500000002,0.033473,-10.836747503620282,1.4020257170235233,0,12.847658803165881,-0.8849000971312091,0,0.0,0.0,0.0,0.0,0.0,0.0,294.7466878219782
102,pedestrian,1,2,31,203.875997,0.033472,-10.808349834072818,1.3041213077606182,0,12.797500212459468,-1.0257355699168265,0,0.0,0.0,0.0,0.0,0.0,0.0,294.643228303583
102,pedestrian,1,2,32,203.909469,0.033472,-10.786557944268365,1.1921801520137616,0,12.747342871109646,-1.155866743248948,0,0.0,0.0,0.0,0.0,0.0,0.0,294.53977136117436
102,pedestrian,1,2,33,203.94294200000002,0.033473,-10.758223256685296,1.091177089456566,0,12.697183769251422,-1.2553267147184994,0,0.0,0.0,0.0,0.0,0.0,0.0,294.45447007363265
102,pedestrian,1,2,34,203.976378,0.033436,-10.73818140449558,1.068151913139562,0,12.647079138463424,-1.275429326697571,0,0.0,0.0,0.0,0.0,0.0,0.0,294.4360949683919
102,pedestrian,1,2,35,204.00977600000002,0.033398,-10.716371832434037,0.9305415480007129,0,12.597032685567463,-1.3810200855205348,0,0.0,0.0,0.0,0.0,0.0,0.0,294.3318405865968
102,pedestrian,1,2,36,204.043238,0.033462,-10.688105771309493,0.7770054447366297,0,12.546890056712453,-1.4751703265840335,0,0.0,0.0,0.0,0.0,0.0,0.0,294.2237105746659
102,pedestrian,1,2,37,204.076714,0.033476,-10.668039947832042,0.6212283556738248,0,12.496725495271459,-1.549398857967648,0,0.0,0.0,0.0,0.0,0.0,0.0,294.1202387403909
102,pedestrian,1,2,38,204.11018700000002,0.033473,-10.646092214759088,0.43885186831008316,0,12.446566655710779,-1.610540267103664,0,0.0,0.0,0.0,0.0,0.0,0.0,294.0049034884313
102,pedestrian,1,2,39,204.143674,0.033487,-10.617904369382895,0.16565935695263026,0,12.396386549195192,-1.6632819894337554,0,0.0,0.0,0.0,0.0,0.0,0.0,293.83814720723365
102,pedestrian,1,2,40,204.17714700000002,0.033473,-10.597840349403015,-0.11277038740335692,0,12.346226499818068,-1.6700811353627856,0,0.0,0.0,0.0,0.0,0.0,0.0,293.6714575746024
102,pedestrian,1,2,41,204.210621,0.033474,-10.575791918227297,-0.390674603474677,0,12.29408186575996,-1.6299677589818624,0,0.0,0.0,0.0,0.0,0.0,0.0,293.50363006797807
102,pedestrian,1,2,42,204.24409400000002,0.033473,-10.547712557551833,-0.6655931317602481,0,12.235907018808568,-1.5411628776038635,0,0.0,0.0,0.0,0.0,0.0,0.0,293.3311956406232
102,pedestrian,1,2,43,204.277566,0.033472,-10.527649142614013,-0.9231452885847754,0,12.185748481918342,-1.4050844951330337,0,0.0,0.0,0.0,0.0,0.0,0.0,293.15758996931805
102,pedestrian,1,2,44,204.31104000000002,0.033474,-10.507585006732421,-1.1583044412031447,0,12.135588145140417,-1.222874177009668,0,0.0,0.0,0.0,0.0,0.0,0.0,292.9805951723142
102,pedestrian,1,2,45,204.344514,0.033474,-10.485408715323274,-1.335115025487493,0,12.085427489308625,-1.037459644491992,0,0.0,0.0,0.0,0.0,0.0,0.0,292.8287273150713
102,pedestrian,1,2,46,204.377989,0.033475,-10.457455537796521,-1.428744786730734,0,12.035264470749013,-0.9033236443879802,0,0.0,0.0,0.0,0.0,0.0,0.0,292.73188182956545
102,pedestrian,1,2,47,204.41146400000002,0.033475,-10.437390803408794,-1.5693421895245736,0,11.98292563227633,-0.6370291192605856,0,0.0,0.0,0.0,0.0,0.0,0.0,292.55369001491255
102,pedestrian,1,2,48,204.444939,0.033475,-10.417325936171519,-1.6609866455756794,0,11.924940465512364,-0.3473385327108389,0,0.0,0.0,0.0,0.0,0.0,0.0,292.3742311112836
102,pedestrian,1,2,49,204.47841300000002,0.033474,-10.397261333799424,-1.7003998311605208,0,11.874778960443722,-0.03993415074345484,0,0.0,0.0,0.0,0.0,0.0,0.0,292.19157680765557
102,pedestrian,1,2,50,204.511888,0.033475,-10.377196599576932,-1.6836561268822043,0,11.82461712480807,0.26482099857729546,0,0.0,0.0,0.0,0.0,0.0,0.0,292.0120820278728
102,pedestrian,1,2,51,204.545363,0.033475,-10.354825187139735,-1.5947291926637186,0,11.772148402848707,0.5971608510884757,0,0.0,0.0,0.0,0.0,0.0,0.0,291.80963912501903
102,pedestrian,1,2,52,204.57883600000002,0.033473,-10.32706772944992,-1.4108563135258603,0,11.714294949374569,0.9709718059652597,0,0.0,0.0,0.0,0.0,0.0,0.0,291.56533343960723
102,pedestrian,1,2,53,204.61231,0.033474,-10.307003594549784,-1.2175368901105246,0,11.66413461270917,1.2100490542048778,0,0.0,0.0,0.0,0.0,0.0,0.0,291.3857886910773
102,pedestrian,1,2,54,204.64580500000002,0.033495,-10.286926727254983,-0.9779594140104315,0,11.611533406055207,1.4159832941716886,0,0.0,0.0,0.0,0.0,0.0,0.0,291.2017375327406
102,pedestrian,1,2,55,204.679279,0.033474,-10.26686213775327,-0.7065974363738156,0,11.553780970479194,1.5743083427646627,0,0.0,0.0,0.0,0.0,0.0,0.0,291.01919770025467
102,pedestrian,1,2,56,204.71276500000002,0.033486,-10.246790809455637,-0.4148792280674927,0,11.503602649834557,1.6792290528827765,0,0.0,0.0,0.0,0.0,0.0,0.0,290.83952811571385
102,pedestrian,1,2,57,204.74624,0.033475,-10.226725923966503,-0.10349804386229174,0,11.450930996281144,1.7314976200188517,0,0.0,0.0,0.0,0.0,0.0,0.0,290.65702460274696
102,pedestrian,1,2,58,204.779715,0.033475,-10.20666074034969,0.16825200112855215,0,11.393277478849061,1.7348849099897055,0,0.0,0.0,0.0,0.0,0.0,0.0,290.50067596122153
102,pedestrian,1,2,59,204.81319000000002,0.033475,-10.18659600583284,0.3647943728404093,0,11.340541241518114,1.7052748671558018,0,0.0,0.0,0.0,0.0,0.0,0.0,290.38658065538795
102,pedestrian,1,2,60,204.846665,0.033475,-10.166531115440746,0.6630571415772956,0,11.28295341340945,1.6179422352332804,0,0.0,0.0,0.0,0.0,0.0,0.0,290.20838745307725
102,pedestrian,1,2,61,204.88013800000002,0.033473,-10.146467136543945,0.9418497129473966,0,11.230154631894862,1.4787553458029175,0,0.0,0.0,0.0,0.0,0.0,0.0,290.03020234921337
102,pedestrian,1,2,62,204.913634,0.033496,-10.126389813958262,1.1923877226269897,0,11.172600161575533,1.2917237186158723,0,0.0,0.0,0.0,0.0,0.0,0.0,289.85189874880683
102,pedestrian,1,2,63,204.94711,0.033476,-10.106324318022708,1.4048778297376285,0,11.119726176451612,1.0651470224657769,0,0.0,0.0,0.0,0.0,0.0,0.0,289.6752530237286
102,pedestrian,1,2,64,204.980582,0.033472,-10.086260944159411,1.5709902989645121,0,11.06227798663781,0.8104636431365806,0,0.0,0.0,0.0,0.0,0.0,0.0,289.5028210311233
102,pedestrian,1,2,65,205.014056,0.033474,-10.066196809158392,1.6912303278959273,0,11.009343650824679,0.5302896283790743,0,0.0,0.0,0.0,0.0,0.0,0.0,289.3303824909409
102,pedestrian,1,2,66,205.04753100000002,0.033475,-10.046131906150231,1.761722306778729,0,10.949148943142022,0.23282817879073406,0,0.0,0.0,0.0,0.0,0.0,0.0,289.157937353622
102,pedestrian,1,2,67,205.080985,0.033454,-10.028912066810394,1.7806136534860448,0,10.891823945963338,-0.07005459962856422,0,0.0,0.0,0.0,0.0,0.0,0.0,288.98722117594
102,pedestrian,1,2,68,205.114441,0.033456,-10.016025981711008,1.73178755879299,0,10.838831168251584,-0.4091423681964797,0,0.0,0.0,0.0,0.0,0.0,0.0,288.79440706349465
102,pedestrian,1,2,69,205.147895,0.033454,-9.99597366118401,1.6031692722468742,0,10.778674207521219,-0.7993632676656666,0,0.0,0.0,0.0,0.0,0.0,0.0,288.5640078538808
102,pedestrian,1,2,70,205.181362,0.033467,-9.975913295005807,1.457963218757172,0,10.718493109852853,-1.0484635393596866,0,0.0,0.0,0.0,0.0,0.0,0.0,288.4030954516938
102,pedestrian,1,2,71,205.21483600000002,0.033474,-9.955849160134534,1.2765240460738696,0,10.661248527337534,-1.2696689861948085,0,0.0,0.0,0.0,0.0,0.0,0.0,288.24384179218436
102,pedestrian,1,2,72,205.248308,0.033472,-9.935786045487744,1.0674354785445617,0,10.608111358805893,-1.4551177344560298,0,0.0,0.0,0.0,0.0,0.0,0.0,288.08865499724857
102,pedestrian,1,2,73,205.28178200000002,0.033474,-9.918733147486387,0.8344898108781597,0,10.54791769120308,-1.6051350651233034,0,0.0,0.0,0.0,0.0,0.0,0.0,287.93518260918813
102,pedestrian,1,2,74,205.315257,0.033475,-9.9056567545102,0.5874865324999383,0,10.487723486458432,-1.7152693805838564,0,0.0,0.0,0.0,0.0,0.0,0.0,287.78573140980194
102,pedestrian,1,2,75,205.348732,0.033475,-9.88559183510931,0.3262328238949317,0,10.42752872980685,-1.7873957440661183,0,0.0,0.0,0.0,0.0,0.0,0.0,287.6362788368999
102,pedestrian,1,2,76,205.38220700000002,0.033475,-9.865526685980852,0.05982092973991765,0,10.367333281678128,-1.8199080764404765,0,0.0,0.0,0.0,0.0,0.0,0.0,287.488605906544
102,pedestrian,1,2,77,205.41569,0.033483,-9.848600980642898,-0.19863415818896363,0,10.310268517487502,-1.8138108114296112,0,0.0,0.0,0.0,0.0,0.0,0.0,287.3466697663193
102,pedestrian,1,2,78,205.449163,0.033473,-9.835393429832543,-0.4469603956246733,0,10.256933513197795,-1.772431712735666,0,0.0,0.0,0.0,0.0,0.0,0.0,287.20872174656375
102,pedestrian,1,2,79,205.482637,0.033474,-9.815328885512239,-0.7286460228014446,0,10.196739880503058,-1.6735685924386323,0,0.0,0.0,0.0,0.0,0.0,0.0,287.0450357427063
102,pedestrian,1,2,80,205.51611200000002,0.033475,-9.798504477835337,-1.034947428284549,0,10.136545675823921,-1.514629163467211,0,0.0,0.0,0.0,0.0,0.0,0.0,286.8563121989652
102,pedestrian,1,2,81,205.549586,0.033474,-9.78519981909741,-1.21944245297642,0,10.07635268115607,-1.3739694760668006,0,0.0,0.0,0.0,0.0,0.0,0.0,286.7298560332466
102,pedestrian,1,2,82,205.58304,0.033454,-9.765147269045054,-1.3826343470615683,0,10.01619503077766,-1.2136970251908812,0,0.0,0.0,0.0,0.0,0.0,0.0,286.60536417142436
102,pedestrian,1,2,83,205.616489,0.033449,-9.748421462565101,-1.5186585209218544,0,9.956047580738149,-1.0427886308458771,0,0.0,0.0,0.0,0.0,0.0,0.0,286.48665147861834
102,pedestrian,1,2,84,205.649997,0.033508,-9.735013402285825,-1.6300559053883765,0,9.895793431387071,-0.8624230266510696,0,0.0,0.0,0.0,0.0,0.0,0.0,286.37157453049747
102,pedestrian,1,2,85,205.68347300000002,0.033476,-9.714947670907149,-1.7176625500695568,0,9.835596235239182,-0.6772347911815512,0,0.0,0.0,0.0,0.0,0.0,0.0,286.2605008281723
102,pedestrian,1,2,86,205.71692800000002,0.033455,-9.698319864856028,-1.7805463619924786,0,9.775437994857809,-0.4931637670264867,0,0.0,0.0,0.0,0.0,0.0,0.0,286.1551340836844
102,pedestrian,1,2,87,205.75039800000002,0.03347,-9.684832979214656,-1.8242466685152419,0,9.71525216057535,-0.3036889528404954,0,0.0,0.0,0.0,0.0,0.0,0.0,286.049895115799
102,pedestrian,1,2,88,205.783872,0.033474,-9.668256629170797,-1.8462003417608974,0,9.655058578284498,-0.1280423562664577,0,0.0,0.0,0.0,0.0,0.0,0.0,285.95417661089016
102,pedestrian,1,2,89,205.81735600000002,0.033484,-9.654698322864594,-1.8509693034612762,0,9.594848191465402,0.042113330001472216,0,0.0,0.0,0.0,0.0,0.0,0.0,285.8621819152344
102,pedestrian,1,2,90,205.85083,0.033474,-9.634633974048532,-1.8404824862851439,0,9.53465514627396,0.20826472120895717,0,0.0,0.0,0.0,0.0,0.0,0.0,285.77225082011694
102,pedestrian,1,2,91,205.88430300000002,0.033473,-9.618157429068829,-1.8042586982575126,0,9.474463380009754,0.4062660097129501,0,0.0,0.0,0.0,0.0,0.0,0.0,285.66342289559765
102,pedestrian,1,2,92,205.917777,0.033474,-9.604505916943523,-1.7445640328071403,0,9.414270974490467,0.6249633494239466,0,0.0,0.0,0.0,0.0,0.0,0.0,285.5409354159633
102,pedestrian,1,2,93,205.951251,0.033474,-9.5880931845157,-1.6929790011203085,0,9.354077912856765,0.7534278099672982,0,0.0,0.0,0.0,0.0,0.0,0.0,285.46621123340657
102,pedestrian,1,2,94,205.98472700000002,0.033476,-9.574375848653894,-1.6337279602668877,0,9.293880768397235,0.8742063555613031,0,0.0,0.0,0.0,0.0,0.0,0.0,285.39359303507496
