id,agent_type,type,sim_state,tick_count,sim_time,delta_time,x,x_vel,x_acc,y,y_vel,y_acc,s,s_vel,s_acc,d,d_vel,d_acc,yaw
10,pedestrian,1,2,1,55.6556,0.0,-8.431744804955088,-1.037615540293886,0,-0.09401235915720463,-0.7028439037514854,0,0.0,0.0,0.0,0.0,0.0,0.0,273.9139331181927
10,pedestrian,1,2,2,55.689072,0.033472,-8.43174480565248,-1.0416842450398007,0,-0.13413823583840337,-0.6968994235693262,0,0.0,0.0,0.0,0.0,0.0,0.0,273.9081855097407
10,pedestrian,1,2,3,55.722544,0.033472,-8.431681569177185,-1.0456958356231834,0,-0.174328540813502,-0.6909158994239106,0,0.0,0.0,0.0,0.0,0.0,0.0,273.9024377306556
10,pedestrian,1,2,4,55.756043,0.033499,-8.421744805988725,-1.0496761194023803,0,-0.22442354375885298,-0.6849045994170474,0,0.0,0.0,0.0,0.0,0.0,0.0,273.8966854864685
10,pedestrian,1,2,5,55.789518,0.033475,-8.421744805521557,-1.0536190457212942,0,-0.26455303012001713,-0.6788747062677605,0,0.0,0.0,0.0,0.0,0.0,0.0,273.89093736109413
10,pedestrian,1,2,6,55.822985,0.033467,-8.421579372162757,-1.057589441083929,0,-0.3046740889397768,-0.6727226099446564,0,0.0,0.0,0.0,0.0,0.0,0.0,273.8850956562822
10,pedestrian,1,2,7,55.856457,0.033472,-8.411744805881536,-1.0652759581600029,0,-0.34479996365903187,-0.6605357652172027,0,0.0,0.0,0.0,0.0,0.0,0.0,273.8736004404591
10,pedestrian,1,2,8,55.88993,0.033473,-8.411744806552965,-1.0728222735826614,0,-0.3849270618544672,-0.6482607218505768,0,0.0,0.0,0.0,0.0,0.0,0.0,273.86210487335467
10,pedestrian,1,2,9,55.92342,0.03349,-8.411744805993482,-1.080134920407299,0,-0.42534151587106567,-0.6360577560036745,0,0.0,0.0,0.0,0.0,0.0,0.0,273.85075545049233
10,pedestrian,1,2,10,55.956894,0.033474,-8.411446907190474,-1.0837737499668774,0,-0.47520395550635763,-0.6298391005312431,0,0.0,0.0,0.0,0.0,0.0,0.0,273.84500749915287
10,pedestrian,1,2,11,55.990368,0.033474,-8.401744805610274,-1.087515606967166,0,-0.5153322646442419,-0.6234060558139362,0,0.0,0.0,0.0,0.0,0.0,0.0,273.839070479469
10,pedestrian,1,2,12,56.023848,0.03348,-8.401744805181174,-1.0944867493805792,0,-0.5554688871636181,-0.6110903132545861,0,0.0,0.0,0.0,0.0,0.0,0.0,273.82778081652543
10,pedestrian,1,2,13,56.057302,0.033454,-8.401744805764768,-1.0981356464905805,0,-0.5955731835854983,-0.6045592571133351,0,0.0,0.0,0.0,0.0,0.0,0.0,273.8218127279566
10,pedestrian,1,2,14,56.090787,0.033485,-8.401319223340508,-1.104873801127098,0,-0.636140272938487,-0.5921623732299951,0,0.0,0.0,0.0,0.0,0.0,0.0,273.81055687401266
10,pedestrian,1,2,15,56.124266,0.033479,-8.391744805060993,-1.1082833040420248,0,-0.6858501028030126,-0.5858131360236006,0,0.0,0.0,0.0,0.0,0.0,0.0,273.8048078996976
10,pedestrian,1,2,16,56.157737,0.033471,-8.391744805644883,-1.1117921256087542,0,-0.7259747752338676,-0.5791198632727618,0,0.0,0.0,0.0,0.0,0.0,0.0,273.79877936783333
10,pedestrian,1,2,17,56.191221999999996,0.033485,-8.39121882166276,-1.1182099718857097,0,-0.7661162971762892,-0.5666348574258314,0,0.0,0.0,0.0,0.0,0.0,0.0,273.78758103632435
10,pedestrian,1,2,18,56.224701,0.033479,-8.381744806156503,-1.1214489878688183,0,-0.8062516964590659,-0.5601969428849273,0,0.0,0.0,0.0,0.0,0.0,0.0,273.7818320637334
10,pedestrian,1,2,19,56.258174,0.033473,-8.381744805634563,-1.1248348268105044,0,-0.8463787682091546,-0.5533591062184549,0,0.0,0.0,0.0,0.0,0.0,0.0,273.77574532085447
10,pedestrian,1,2,20,56.291658,0.033484,-8.381744806007015,-1.1309325319147536,0,-0.8871457884804947,-0.5407954802997738,0,0.0,0.0,0.0,0.0,0.0,0.0,273.764605026917
10,pedestrian,1,2,21,56.325142,0.033484,-8.381082773729931,-1.1340215768761426,0,-0.936660485273679,-0.534283105710276,0,0.0,0.0,0.0,0.0,0.0,0.0,273.7588551974857
10,pedestrian,1,2,22,56.358629,0.033487,-8.37174480587116,-1.1372587782813335,0,-0.9768043390831425,-0.5272860749234842,0,0.0,0.0,0.0,0.0,0.0,0.0,273.7527050921749
10,pedestrian,1,2,23,56.392113,0.033484,-8.371744806361402,-1.1430325826230872,0,-1.0169446844060392,-0.5146546766919659,0,0.0,0.0,0.0,0.0,0.0,0.0,273.7416257548477
10,pedestrian,1,2,24,56.425592,0.033479,-8.371744805660546,-1.145948829125254,0,-1.0570800590243825,-0.5080644821361464,0,0.0,0.0,0.0,0.0,0.0,0.0,273.7358767858128
10,pedestrian,1,2,25,56.459074,0.033482,-8.370943414466026,-1.1488488017289233,0,-1.0972179213929125,-0.5014667855565897,0,0.0,0.0,0.0,0.0,0.0,0.0,273.73012746076216
10,pedestrian,1,2,26,56.492556,0.033482,-8.361744805588387,-1.151689374798179,0,-1.13819176157799,-0.4948432911413098,0,0.0,0.0,0.0,0.0,0.0,0.0,273.72437812135826
10,pedestrian,1,2,27,56.526041,0.033485,-8.361744805527511,-1.1547524835518739,0,-1.1874984373025972,-0.48763353918470304,0,0.0,0.0,0.0,0.0,0.0,0.0,273.7181287797622
10,pedestrian,1,2,28,56.559526,0.033485,-8.3617448050377,-1.160018058430095,0,-1.2276398959996746,-0.47491732183766117,0,0.0,0.0,0.0,0.0,0.0,0.0,273.7071487056615
10,pedestrian,1,2,29,56.59301,0.033484,-8.36080282967809,-1.1627294392118135,0,-1.2677802656933137,-0.4682397485428625,0,0.0,0.0,0.0,0.0,0.0,0.0,273.70139902100794
10,pedestrian,1,2,30,56.626494,0.033484,-8.351744806674962,-1.16539991658721,0,-1.3079216107794227,-0.4615455475087881,0,0.0,0.0,0.0,0.0,0.0,0.0,273.69564919699064
10,pedestrian,1,2,31,56.659977,0.033483,-8.35174480596226,-1.1680108914055474,0,-1.3480606703666569,-0.4548283645471472,0,0.0,0.0,0.0,0.0,0.0,0.0,273.689899700226
10,pedestrian,1,2,32,56.693456,0.033479,-8.35174480535156,-1.1706062549308347,0,-1.3892407353663059,-0.4481061726068646,0,0.0,0.0,0.0,0.0,0.0,0.0,273.6841508723614
10,pedestrian,1,2,33,56.72694,0.033484,-8.350663798211237,-1.173160551797972,0,-1.4383363915378145,-0.44136696146008036,0,0.0,0.0,0.0,0.0,0.0,0.0,273.6784010501247
10,pedestrian,1,2,34,56.760419,0.033479,-8.34174480629384,-1.1756552036225727,0,-1.478470654410661,-0.43460680483581415,0,0.0,0.0,0.0,0.0,0.0,0.0,273.67265224021577
10,pedestrian,1,2,35,56.793903,0.033484,-8.341744805609911,-1.1781345580668614,0,-1.518611051329172,-0.42783998839431847,0,0.0,0.0,0.0,0.0,0.0,0.0,273.66690255199575
10,pedestrian,1,2,36,56.827384,0.033481,-8.34174480596036,-1.180571701213176,0,-1.558748773812172,-0.4210583919740253,0,0.0,0.0,0.0,0.0,0.0,0.0,273.6611532466866
10,pedestrian,1,2,37,56.860863,0.033479,-8.340527136014744,-1.1829496078967239,0,-1.6001007106047678,-0.4142564626467714,0,0.0,0.0,0.0,0.0,0.0,0.0,273.65540443677764
10,pedestrian,1,2,38,56.894344,0.033481,-8.331744805487753,-1.1853083333290397,0,-1.6490198507014753,-0.40744753868585903,0,0.0,0.0,0.0,0.0,0.0,0.0,273.6496552619445
10,pedestrian,1,2,39,56.927799,0.033455,-8.33174480583793,-1.187606422795731,0,-1.6891263930255322,-0.4006236501682106,0,0.0,0.0,0.0,0.0,0.0,0.0,273.6439104229518
10,pedestrian,1,2,40,56.961284,0.033485,-8.331744806035456,-1.1898867789198124,0,-1.729267851125833,-0.3937873719260682,0,0.0,0.0,0.0,0.0,0.0,0.0,273.6381605827594
10,pedestrian,1,2,41,56.994785,0.033501,-8.330390732396722,-1.1921093821940816,0,-1.7694286518006546,-0.38692845358552375,0,0.0,0.0,0.0,0.0,0.0,0.0,273.6324079718932
10,pedestrian,1,2,42,57.028258,0.033473,-8.321744805771289,-1.194309993785565,0,-1.8095567583496397,-0.38006877659304267,0,0.0,0.0,0.0,0.0,0.0,0.0,273.6266600438051
