id,agent_type,type,sim_state,tick_count,sim_time,delta_time,x,x_vel,x_acc,y,y_vel,y_acc,s,s_vel,s_acc,d,d_vel,d_acc,yaw
22,pedestrian,1,2,1,13.580233,0.0,9.160464101587422,0.4335799371017883,0,23.79228336829692,-0.5543216581036765,0,0.0,0.0,0.0,0.0,0.0,0.0,193.87172913841667
22,pedestrian,1,2,2,13.613719,0.033486,9.140357109744894,0.42822845623052075,0,23.782247704541856,-0.5608148864148778,0,0.0,0.0,0.0,0.0,0.0,0.0,193.86008607691912
22,pedestrian,1,2,3,13.647186,0.033467,9.110332829720235,0.40003784218021193,0,23.7722177330745,-0.5838339137441534,0,0.0,0.0,0.0,0.0,0.0,0.0,193.80866617447947
22,pedestrian,1,2,4,13.680661,0.033475,9.090267499518859,0.39825117395766835,0,23.762283369880485,-0.587879791124984,0,0.0,0.0,0.0,0.0,0.0,0.0,193.80336845813255
22,pedestrian,1,2,5,13.714158,0.033497,9.070189579335807,0.42271287645026095,0,23.762146106660417,-0.5737437198586801,0,0.0,0.0,0.0,0.0,0.0,0.0,193.84292395872086
22,pedestrian,1,2,6,13.747624,0.033466,9.050130227977636,0.41732080187839815,0,23.752116430960847,-0.5810976710115086,0,0.0,0.0,0.0,0.0,0.0,0.0,193.83076126514047
22,pedestrian,1,2,7,13.781077999999999,0.033454,9.02988418625467,0.38885429472198973,0,23.742090064620633,-0.6041567417200893,0,0.0,0.0,0.0,0.0,0.0,0.0,193.77983438025507
22,pedestrian,1,2,8,13.814537,0.033459,9.00002234704529,0.38434393251137644,0,23.73206249084543,-0.6109476274233393,0,0.0,0.0,0.0,0.0,0.0,0.0,193.76948260734184
22,pedestrian,1,2,9,13.847996,0.033459,8.979967188624025,0.4097538386865749,0,23.722283367090714,-0.5985162689253308,0,0.0,0.0,0.0,0.0,0.0,0.0,193.8082767156653
22,pedestrian,1,2,10,13.88148,0.033484,8.959896474806792,0.40095262305690926,0,23.721999554656723,-0.6089780181953723,0,0.0,0.0,0.0,0.0,0.0,0.0,193.79021414253518
22,pedestrian,1,2,11,13.91493,0.03345,8.939538036357744,0.3751916489907934,0,23.711974680004424,-0.6299121025570641,0,0.0,0.0,0.0,0.0,0.0,0.0,193.74514782751373
22,pedestrian,1,2,12,13.948416,0.033486,8.909775375975297,0.36740356192331836,0,23.701939005896833,-0.6394075961268704,0,0.0,0.0,0.0,0.0,0.0,0.0,193.72947621559842
22,pedestrian,1,2,13,13.981887,0.033471,8.889712460716597,0.3868365122787048,0,23.692283367703126,-0.6330190720553783,0,0.0,0.0,0.0,0.0,0.0,0.0,193.75649159167048
22,pedestrian,1,2,14,14.015336,0.033449,8.869262914510228,0.3781606832739647,0,23.691882971327182,-0.6434851775149802,0,0.0,0.0,0.0,0.0,0.0,0.0,193.73926061619537
22,pedestrian,1,2,15,14.048819,0.033483,8.839593754081895,0.3683085066502929,0,23.68184819618249,-0.6545170414052358,0,0.0,0.0,0.0,0.0,0.0,0.0,193.7205160870867
22,pedestrian,1,2,16,14.085279,0.03646,8.8177392527559,0.3363718727734914,0,23.670920943459368,-0.6774060226565911,0,0.0,0.0,0.0,0.0,0.0,0.0,193.66885207585048
22,pedestrian,1,2,17,14.118768,0.033489,8.796267140730833,0.33062493465639325,0,23.66228336840868,-0.6857040644994806,0,0.0,0.0,0.0,0.0,0.0,0.0,193.65721141834766
22,pedestrian,1,2,18,14.152261,0.033493,8.767590517017949,0.3440407374043606,0,23.66084657663071,-0.6846259617418387,0,0.0,0.0,0.0,0.0,0.0,0.0,193.67363060349524
22,pedestrian,1,2,19,14.18572,0.033459,8.746070238817692,0.3303287620251285,0,23.650818748726795,-0.6968058902652531,0,0.0,0.0,0.0,0.0,0.0,0.0,193.6506485128033
22,pedestrian,1,2,20,14.219171,0.033451,8.717484509996652,0.31562725739157044,0,23.64079357330478,-0.7089695012319852,0,0.0,0.0,0.0,0.0,0.0,0.0,193.62681891529098
22,pedestrian,1,2,21,14.252633,0.033462,8.695909164703306,0.2950877035503856,0,23.632283367357992,-0.7230235268486763,0,0.0,0.0,0.0,0.0,0.0,0.0,193.59547954489005
22,pedestrian,1,2,22,14.286099,0.033466,8.66736762926397,0.2704895625914063,0,23.630735131756968,-0.737962150540894,0,0.0,0.0,0.0,0.0,0.0,0.0,193.55926357323304
22,pedestrian,1,2,23,14.319562,0.033463,8.645733080009906,0.27957515054620213,0,23.620706360252647,-0.7398321545479657,0,0.0,0.0,0.0,0.0,0.0,0.0,193.56927329204248
22,pedestrian,1,2,24,14.353024,0.033462,8.617253047741134,0.2598064858226086,0,23.612283367663622,-0.7521869577491174,0,0.0,0.0,0.0,0.0,0.0,0.0,193.54054370033427
22,pedestrian,1,2,25,14.386486,0.033462,8.595561352409412,0.23954992576316197,0,23.610649118292052,-0.7639907468459306,0,0.0,0.0,0.0,0.0,0.0,0.0,193.51181352574775
22,pedestrian,1,2,26,14.419937,0.033451,8.565485829067642,0.21808750370631116,0,23.600623944097,-0.7754242197170286,0,0.0,0.0,0.0,0.0,0.0,0.0,193.48214273624427
22,pedestrian,1,2,27,14.453422999999999,0.033486,8.537073824487093,0.19235293409395698,0,23.590588230157987,-0.7871595989944843,0,0.0,0.0,0.0,0.0,0.0,0.0,193.44764249015913
22,pedestrian,1,2,28,14.486884,0.033461,8.51529342414573,0.17162599418869312,0,23.582283368173655,-0.7968631006870025,0,0.0,0.0,0.0,0.0,0.0,0.0,193.42008000694528
22,pedestrian,1,2,29,14.520335,0.033451,8.485217900183619,0.17073948750813822,0,23.580534633988783,-0.80173184625031,0,0.0,0.0,0.0,0.0,0.0,0.0,193.4178084036631
22,pedestrian,1,2,30,14.553749,0.033414,8.456938356545658,0.13918737616339147,0,23.572283369324833,-0.8124766292285669,0,0.0,0.0,0.0,0.0,0.0,0.0,193.37764465223157
22,pedestrian,1,2,31,14.587202999999999,0.033454,8.435096522333035,0.10699607952892085,0,23.570494175682526,-0.8219006290182654,0,0.0,0.0,0.0,0.0,0.0,0.0,193.33743204270218
22,pedestrian,1,2,32,14.62069,0.033487,8.404988631997131,0.07423183676815213,0,23.560458212400142,-0.8299659510296062,0,0.0,0.0,0.0,0.0,0.0,0.0,193.29718075736074
22,pedestrian,1,2,33,14.654152,0.033462,8.374903051318732,0.0401185608250476,0,23.55228336993605,-0.8366376243282053,0,0.0,0.0,0.0,0.0,0.0,0.0,193.25589721679268
22,pedestrian,1,2,34,14.687605999999999,0.033454,8.34482409751502,0.004379845960252859,0,23.550403368254017,-0.8419030397066342,0,0.0,0.0,0.0,0.0,0.0,0.0,193.213171445259
22,pedestrian,1,2,35,14.721086,0.03348,8.316636366901998,-0.022704618908781615,0,23.5422833673656,-0.8456231038182769,0,0.0,0.0,0.0,0.0,0.0,0.0,193.181136842105
22,pedestrian,1,2,36,14.754556,0.03347,8.294629719077216,-0.06089022786636405,0,23.540338573488413,-0.8477427461946095,0,0.0,0.0,0.0,0.0,0.0,0.0,193.13627274401674
22,pedestrian,1,2,37,14.787956,0.0334,8.264599325227787,-0.09149126700176329,0,23.530328443038915,-0.8489587214001332,0,0.0,0.0,0.0,0.0,0.0,0.0,193.10060542348563
22,pedestrian,1,2,38,14.821429,0.033473,8.234504020895741,-0.11527186893411581,0,23.52228336855893,-0.8494921006739953,0,0.0,0.0,0.0,0.0,0.0,0.0,193.0731174611742
22,pedestrian,1,2,39,14.854877,0.033448,8.20443101333293,-0.17132253123532942,0,23.520272338666192,-0.8437459651416886,0,0.0,0.0,0.0,0.0,0.0,0.0,193.00765191000872
22,pedestrian,1,2,40,14.888338,0.033461,8.176385220779684,-0.21553671503641333,0,23.51228336803615,-0.8369914400826943,0,0.0,0.0,0.0,0.0,0.0,0.0,192.9559392038456
22,pedestrian,1,2,41,14.921801,0.033463,8.154259467261713,-0.2594598690228168,0,23.51021515678298,-0.827752999410896,0,0.0,0.0,0.0,0.0,0.0,0.0,192.90422464146772
22,pedestrian,1,2,42,14.955254,0.033453,8.124181957385622,-0.3019634049724168,0,23.502283367328346,-0.8164518105832567,0,0.0,0.0,0.0,0.0,0.0,0.0,192.85372501075148
22,pedestrian,1,2,43,14.988705,0.033451,8.0941057233957,-0.34122187894171724,0,23.500163908227048,-0.8038904776924712,0,0.0,0.0,0.0,0.0,0.0,0.0,192.80655754859185
22,pedestrian,1,2,44,15.02216,0.033455,8.064026603270793,-0.38351450993433456,0,23.492283368483186,-0.7876578089972076,0,0.0,0.0,0.0,0.0,0.0,0.0,192.75485534961533
22,pedestrian,1,2,45,15.055631,0.033471,8.033932901579355,-0.42405229861149535,0,23.490106302056994,-0.7696358354551581,0,0.0,0.0,0.0,0.0,0.0,0.0,192.7043754545941
22,pedestrian,1,2,46,15.089106,0.033475,8.003835096142023,-0.46122108873990153,0,23.482283368706703,-0.7508432507320572,0,0.0,0.0,0.0,0.0,0.0,0.0,192.65712334888244
22,pedestrian,1,2,47,15.122594,0.033488,7.973726305773862,-0.4998767136141324,0,23.480037436729493,-0.7286169633000212,0,0.0,0.0,0.0,0.0,0.0,0.0,192.60665697489816
22,pedestrian,1,2,48,15.156044999999999,0.033451,7.943650578769993,-0.5395099573580461,0,23.472283367490615,-0.7022582352081808,0,0.0,0.0,0.0,0.0,0.0,0.0,192.5528969256069
22,pedestrian,1,2,49,15.189505,0.03346,7.913566268590474,-0.5915669506949293,0,23.472283369144357,-0.6624611789901917,0,0.0,0.0,0.0,0.0,0.0,0.0,192.4790443502668
22,pedestrian,1,2,50,15.222996,0.033491,7.885791220742793,-0.6258320198317536,0,23.46994692906557,-0.6334583275475184,0,0.0,0.0,0.0,0.0,0.0,0.0,192.4286251976071
22,pedestrian,1,2,51,15.256447,0.033451,7.863379044310565,-0.6559212388922627,0,23.462283367291093,-0.6055659412410944,0,0.0,0.0,0.0,0.0,0.0,0.0,192.3826728578234
22,pedestrian,1,2,52,15.28994,0.033493,7.833265072218158,-0.6847744849162503,0,23.45988369124131,-0.5761826200198884,0,0.0,0.0,0.0,0.0,0.0,0.0,192.33666209731032
22,pedestrian,1,2,53,15.323398,0.033458,7.803183254645003,-0.717854311106835,0,23.45228336867196,-0.5371525126172898,0,0.0,0.0,0.0,0.0,0.0,0.0,192.2795761521922
22,pedestrian,1,2,54,15.356881,0.033483,7.773078738767104,-0.7604196459111676,0,23.44982158175471,-0.4800455878990542,0,0.0,0.0,0.0,0.0,0.0,0.0,192.20027803037806
22,pedestrian,1,2,55,15.391328,0.034447,7.742107041783685,-0.7814944153804718,0,23.44228336866945,-0.4492221426490779,0,0.0,0.0,0.0,0.0,0.0,0.0,192.1588719214871
22,pedestrian,1,2,56,15.424806,0.033478,7.712007243447759,-0.8007641129176221,0,23.442283368406915,-0.4183762134519065,0,0.0,0.0,0.0,0.0,0.0,0.0,192.1186314541218
22,pedestrian,1,2,57,15.458299,0.033493,7.681893700616982,-0.8232721452417701,0,23.439426567732372,-0.3756755418641856,0,0.0,0.0,0.0,0.0,0.0,0.0,192.06527800523796
22,pedestrian,1,2,58,15.491769,0.03347,7.651800451979474,-0.8503277803821708,0,23.432283368624013,-0.31695570537848416,0,0.0,0.0,0.0,0.0,0.0,0.0,191.9939589150146
22,pedestrian,1,2,59,15.525224,0.033455,7.6217213313849586,-0.8625860833776443,0,23.429369111697362,-0.2880789209097259,0,0.0,0.0,0.0,0.0,0.0,0.0,191.95949078236356
22,pedestrian,1,2,60,15.558691,0.033467,7.591631157451808,-0.8734258129609069,0,23.422283369116485,-0.26019753097593395,0,0.0,0.0,0.0,0.0,0.0,0.0,191.92669695094855
22,pedestrian,1,2,61,15.592153,0.033462,7.561545108849542,-0.885324259948245,0,23.422283369116485,-0.2217820531667966,0,0.0,0.0,0.0,0.0,0.0,0.0,191.88263627364537
22,pedestrian,1,2,62,15.625613999999999,0.033461,7.531460594461665,-0.899914599393966,0,23.41928220008457,-0.1658316860281518,0,0.0,0.0,0.0,0.0,0.0,0.0,191.81939163752108
22,pedestrian,1,2,63,15.659074,0.03346,7.501376706725857,-0.9052393282996574,0,23.41228336812657,-0.14538893040528453,0,0.0,0.0,0.0,0.0,0.0,0.0,191.79640924008467
22,pedestrian,1,2,64,15.692533,0.033459,7.4682364512541435,-0.9113249482833725,0,23.40922645502733,-0.11195916205643258,0,0.0,0.0,0.0,0.0,0.0,0.0,191.75941540391204
22,pedestrian,1,2,65,15.725992999999999,0.03346,7.431209748342371,-0.9181146727201298,0,23.40228336798817,-0.06365124766290331,0,0.0,0.0,0.0,0.0,0.0,0.0,191.70637589702397
22,pedestrian,1,2,66,15.759453,0.03346,7.401125852808611,-0.9206648153653203,0,23.4022833683423,-0.04954854424854911,0,0.0,0.0,0.0,0.0,0.0,0.0,191.69092256873262
22,pedestrian,1,2,67,15.792912,0.033459,7.371042516828327,-0.922935869914967,0,23.399142840289386,-0.02406164187849393,0,0.0,0.0,0.0,0.0,0.0,0.0,191.66323707061412
22,pedestrian,1,2,68,15.826372,0.03346,7.340958901595772,-0.9250731990482159,0,23.392283369787037,0.017545475959032244,0,0.0,0.0,0.0,0.0,0.0,0.0,191.6181896441225
22,pedestrian,1,2,69,15.859832,0.03346,7.310874997925969,-0.9257987626677963,0,23.38908700170332,0.03647241431980961,0,0.0,0.0,0.0,0.0,0.0,0.0,191.59779297221584
22,pedestrian,1,2,70,15.893291,0.033459,7.280791669611605,-0.9257182112276618,0,23.38228336844818,0.06904049332358964,0,0.0,0.0,0.0,0.0,0.0,0.0,191.56270922403942
22,pedestrian,1,2,71,15.92675,0.033459,7.25070895366035,-0.9273241815282736,0,23.382283368776392,0.06742138434964291,0,0.0,0.0,0.0,0.0,0.0,0.0,191.56457231993573
22,pedestrian,1,2,72,15.960214,0.033464,7.220621447524615,-0.9279209241279196,0,23.379002483488282,0.07615224573381817,0,0.0,0.0,0.0,0.0,0.0,0.0,191.55528014261202
22,pedestrian,1,2,73,15.993682,0.033468,7.1905300348284005,-0.9276049017614497,0,23.372283368371427,0.0959977636993569,0,0.0,0.0,0.0,0.0,0.0,0.0,191.53402355722326
22,pedestrian,1,2,74,16.027141,0.033459,7.160447318616221,-0.9304720785541362,0,23.368944440763016,0.08011234053574465,0,0.0,0.0,0.0,0.0,0.0,0.0,191.55125968411565
22,pedestrian,1,2,75,16.060601,0.03346,7.130363400359576,-0.9318728527898831,0,23.362283368594944,0.07855256904834923,0,0.0,0.0,0.0,0.0,0.0,0.0,191.55306376478376
22,pedestrian,1,2,76,16.094063,0.033462,7.10027738956736,-0.9323716806758768,0,23.362283368594944,0.08729497258903472,0,0.0,0.0,0.0,0.0,0.0,0.0,191.54378892714237
22,pedestrian,1,2,77,16.127526,0.033463,7.0667667354934105,-0.9357355829700295,0,23.358859027256315,0.06055576762847363,0,0.0,0.0,0.0,0.0,0.0,0.0,191.5725192395745
22,pedestrian,1,2,78,16.160984,0.033458,7.0301089494387,-0.9379112044161841,0,23.352283368818462,0.044841937485611334,0,0.0,0.0,0.0,0.0,0.0,0.0,191.5893794254526
22,pedestrian,1,2,79,16.194445,0.033461,7.000023845771786,-0.9393118849843347,0,23.348803283782214,0.03529382140435286,0,0.0,0.0,0.0,0.0,0.0,0.0,191.59958512910129
22,pedestrian,1,2,80,16.227905,0.03346,6.969940229629098,-0.941033390687686,0,23.342283368715275,-0.004397412955680193,0,0.0,0.0,0.0,0.0,0.0,0.0,191.64181387180145
22,pedestrian,1,2,81,16.261371,0.033466,6.939850901502135,-0.941643880859731,0,23.342283368440135,-0.036248838091144965,0,0.0,0.0,0.0,0.0,0.0,0.0,191.675625148538
22,pedestrian,1,2,82,16.29483,0.033459,6.909767604042046,-0.94098363199009,0,23.33871787060757,-0.0624969036267229,0,0.0,0.0,0.0,0.0,0.0,0.0,191.70345916459132
22,pedestrian,1,2,83,16.328288,0.033458,6.879685787100904,-0.9365097903989659,0,23.33228337019682,-0.11846699684164518,0,0.0,0.0,0.0,0.0,0.0,0.0,191.76296971008324
22,pedestrian,1,2,84,16.361748,0.03346,6.849601846235537,-0.9276521629206356,0,23.328662617602753,-0.17947055335161205,0,0.0,0.0,0.0,0.0,0.0,0.0,191.82824595267152
22,pedestrian,1,2,85,16.395215999999998,0.033468,6.815859251731725,-0.9168095042830099,0,23.32228336762637,-0.2337159773142584,0,0.0,0.0,0.0,0.0,0.0,0.0,191.88675036715497
22,pedestrian,1,2,86,16.428687,0.033471,6.779416959079185,-0.9029237278681753,0,23.32228336762637,-0.2838755457382902,0,0.0,0.0,0.0,0.0,0.0,0.0,191.94175136200832
22,pedestrian,1,2,87,16.462181,0.033494,6.749302439779043,-0.8770951566781772,0,23.31856281385231,-0.3577310219059677,0,0.0,0.0,0.0,0.0,0.0,0.0,192.02440337540804
22,pedestrian,1,2,88,16.495638,0.033457,6.719220956708722,-0.8427424635422481,0,23.31228336819892,-0.43402355668749126,0,0.0,0.0,0.0,0.0,0.0,0.0,192.1127277582683
22,pedestrian,1,2,89,16.529093,0.033455,6.689141836826765,-0.8023776677209754,0,23.30850928069462,-0.5066074853432733,0,0.0,0.0,0.0,0.0,0.0,0.0,192.2003179921969
22,pedestrian,1,2,90,16.562562,0.033469,6.659049787802335,-0.7542839049310663,0,23.30228336971342,-0.5762171689719952,0,0.0,0.0,0.0,0.0,0.0,0.0,192.28949809919547
22,pedestrian,1,2,91,16.596016,0.033454,6.628971009519009,-0.6882192077280688,0,23.29845233922359,-0.6543084147714434,0,0.0,0.0,0.0,0.0,0.0,0.0,192.39729135890957
22,pedestrian,1,2,92,16.629468,0.033452,6.5950380813673695,-0.607382046070449,0,23.292283368656086,-0.7306053970753297,0,0.0,0.0,0.0,0.0,0.0,0.0,192.51438444614007
22,pedestrian,1,2,93,16.662923,0.033455,6.55881511709581,-0.5135063428878859,0,23.288400374649807,-0.7999124387806741,0,0.0,0.0,0.0,0.0,0.0,0.0,192.63724910268527
22,pedestrian,1,2,94,16.696379,0.033456,6.528734548105974,-0.40683670427625296,0,23.28228336945176,-0.8595506592296664,0,0.0,0.0,0.0,0.0,0.0,0.0,192.76587852390685
22,pedestrian,1,2,95,16.729836,0.033457,6.498653629617787,-0.28601316778386876,0,23.28228336945176,-0.9071305302557563,0,0.0,0.0,0.0,0.0,0.0,0.0,192.90252553235308
22,pedestrian,1,2,96,16.763297,0.033461,6.468568758517236,-0.14896708318093047,0,23.278318254244454,-0.9395260071014117,0,0.0,0.0,0.0,0.0,0.0,0.0,193.05071389714684
22,pedestrian,1,2,97,16.796753,0.033456,6.438488196834711,0.06026963934479817,0,23.27228336725309,-0.9407705832039083,0,0.0,0.0,0.0,0.0,0.0,0.0,193.27215757647744
22,pedestrian,1,2,98,16.83021,0.033457,6.404388337567586,0.30275231027158256,0,23.268264427407036,-0.9022729307117052,0,0.0,0.0,0.0,0.0,0.0,0.0,193.5317069253586
22,pedestrian,1,2,99,16.863666,0.033456,6.368326895873636,0.4538533359260567,0,23.262283368967474,-0.8361603840883974,0,0.0,0.0,0.0,0.0,0.0,0.0,193.70526400072228
22,pedestrian,1,2,100,16.897123999999998,0.033458,6.3382445436706565,0.5992827658418878,0,23.258210182597114,-0.7393621219657429,0,0.0,0.0,0.0,0.0,0.0,0.0,193.889113797839
22,pedestrian,1,2,101,16.930581,0.033457,6.3081636252958955,0.7270803864455447,0,23.25228336825967,-0.613818878685428,0,0.0,0.0,0.0,0.0,0.0,0.0,194.07765326427128
22,pedestrian,1,2,102,16.964037,0.033456,6.2780832343495225,0.8367767682988526,0,23.248156412768385,-0.45064143575076826,0,0.0,0.0,0.0,0.0,0.0,0.0,194.28480378718783
