id,type,sim_state,tick_count,sim_time,delta_time,x,x_vel,x_acc,y,y_vel,y_acc,s,s_vel,s_acc,d,d_vel,d_acc,angle
135,3,2,1,121.955167,0.0,17.030464100884274,-8.067016057995005,0,-21.867716630920768,12.469972144361904,0,0.0,0.0,0.0,0.0,0.0,0.0,0.0
135,3,2,2,121.98862100000001,0.033454,16.79988388692029,-8.105563017848588,0,-21.51679356266128,12.52681098578064,0,0.0,0.0,0.0,0.0,0.0,0.0,0.0
135,3,2,3,122.022076,0.033455,16.57925092670368,-8.138762620931034,0,-21.165923242057893,12.57810499413068,0,0.0,0.0,0.0,0.0,0.0,0.0,0.0
135,3,2,4,122.055526,0.03345,16.348678751166904,-8.169859121073754,0,-20.824922169438654,12.623410061310153,0,0.0,0.0,0.0,0.0,0.0,0.0,0.0
135,3,2,5,122.088982,0.033456,16.117849241519757,-8.196923302347484,0,-20.463637448680412,12.66522746025534,0,0.0,0.0,0.0,0.0,0.0,0.0,0.0
135,3,2,6,122.122397,0.033415,15.867251646014838,-8.221626503684686,0,-20.07271947798656,12.703363636677555,0,0.0,0.0,0.0,0.0,0.0,0.0,0.0
135,3,2,7,122.155854,0.033457,15.596231349624407,-8.245607843314072,0,-19.651294522780702,12.73761736447615,0,0.0,0.0,0.0,0.0,0.0,0.0,0.0
135,3,2,8,122.189274,0.03342,15.30576215023141,-8.267791312744388,0,-19.210420499652557,12.769036525048685,0,0.0,0.0,0.0,0.0,0.0,0.0,0.0
135,3,2,9,122.22270900000001,0.033435,15.014988631451976,-8.289617202951584,0,-18.759320910971343,12.79712289457827,0,0.0,0.0,0.0,0.0,0.0,0.0,0.0
135,3,2,10,122.256157,0.033448,14.714466978587605,-8.309936931059285,0,-18.298203953736003,12.822915044306379,0,0.0,0.0,0.0,0.0,0.0,0.0,0.0
135,3,2,11,122.28961,0.033453,14.423711021868835,-8.327691689163974,0,-17.837470578960637,12.847423844349937,0,0.0,0.0,0.0,0.0,0.0,0.0,0.0
135,3,2,12,122.32306100000001,0.033451,14.132980959299312,-8.345543854589986,0,-17.396104858866877,12.869310908325236,0,0.0,0.0,0.0,0.0,0.0,0.0,0.0
135,3,2,13,122.356515,0.033454,13.842224575686405,-8.362360716947457,0,-16.94493116143205,12.889580977806256,0,0.0,0.0,0.0,0.0,0.0,0.0,0.0
135,3,2,14,122.389976,0.033461,13.551086572349265,-8.378275579543546,0,-16.493650337506406,12.90835223490736,0,0.0,0.0,0.0,0.0,0.0,0.0,0.0
135,3,2,15,122.42343,0.033454,13.25064302084266,-8.394555720469002,0,-16.042477021528896,12.925016374687619,0,0.0,0.0,0.0,0.0,0.0,0.0,0.0
135,3,2,16,122.45687600000001,0.033446,12.959956099018381,-8.410702910362136,0,-15.59141111051393,12.94409184775424,0,0.0,0.0,0.0,0.0,0.0,0.0,0.0
135,3,2,17,122.490292,0.033416,12.669521852801092,-8.477684678761712,0,-15.14111459813391,13.038600735927938,0,0.0,0.0,0.0,0.0,0.0,0.0,0.0
135,3,2,18,122.52371600000001,0.033424,12.379026452916223,-8.546944751607747,0,-14.699968557027367,13.13648200463203,0,0.0,0.0,0.0,0.0,0.0,0.0,0.0
135,3,2,19,122.557164,0.033448,12.088322100574414,-8.617248173175577,0,-14.248875595461612,13.235705787258292,0,0.0,0.0,0.0,0.0,0.0,0.0,0.0
135,3,2,20,122.590586,0.033422,11.797835755979747,-8.683008017009875,0,-13.798120921954709,13.32503111557922,0,0.0,0.0,0.0,0.0,0.0,0.0,0.0
135,3,2,21,122.624011,0.033425,11.50687882188815,-8.736306125280946,0,-13.3473387143882,13.395086484889202,0,0.0,0.0,0.0,0.0,0.0,0.0,0.0
135,3,2,22,122.657425,0.033414,11.206922771234867,-8.771817753987131,0,-12.897171165314955,13.43776951882203,0,0.0,0.0,0.0,0.0,0.0,0.0,0.0
135,3,2,23,122.690832,0.033407,10.916566837369434,-8.78994369342036,0,-12.456151911613963,13.45362253432054,0,0.0,0.0,0.0,0.0,0.0,0.0,0.0
135,3,2,24,122.72426800000001,0.033436,10.625467247823476,-8.797401236103862,0,-12.005221351339463,13.4504615660176,0,0.0,0.0,0.0,0.0,0.0,0.0,0.0
135,3,2,25,122.757706,0.033438,10.325349613515836,-8.798333420485786,0,-11.554263116250366,13.439970108722518,0,0.0,0.0,0.0,0.0,0.0,0.0,0.0
135,3,2,26,122.791143,0.033437,10.034732990185377,-8.801579498261598,0,-11.103306286016872,13.43023864961927,0,0.0,0.0,0.0,0.0,0.0,0.0,0.0
135,3,2,27,122.824596,0.033453,9.743417317823848,-8.808781436617123,0,-10.652146456429158,13.426541991795874,0,0.0,0.0,0.0,0.0,0.0,0.0,0.0
135,3,2,28,122.85804300000001,0.033447,9.443289732376304,-8.817778613894667,0,-10.201658967631511,13.425406585197205,0,0.0,0.0,0.0,0.0,0.0,0.0,0.0
135,3,2,29,122.891469,0.033426,9.152158589637917,-8.827766991859278,0,-9.760258361935675,13.423202268251819,0,0.0,0.0,0.0,0.0,0.0,0.0,0.0
135,3,2,30,122.924901,0.033432,8.852203843120414,-8.83649266235309,0,-9.309381748937357,13.421819087371988,0,0.0,0.0,0.0,0.0,0.0,0.0,0.0
135,3,2,31,122.958344,0.033443,8.56089028418521,-8.845424670597742,0,-8.858355904904819,13.420737490483502,0,0.0,0.0,0.0,0.0,0.0,0.0,0.0
135,3,2,32,122.99179000000001,0.033446,8.260848013828756,-8.854694521578612,0,-8.407277874350433,13.41996140406537,0,0.0,0.0,0.0,0.0,0.0,0.0,0.0
135,3,2,33,123.025248,0.033458,7.96935342331906,-8.865355874779992,0,-7.956754303020584,13.418755729111638,0,0.0,0.0,0.0,0.0,0.0,0.0,0.0
135,3,2,34,123.058698,0.03345,7.668606521790143,-8.874936173139325,0,-7.514930262182449,13.418627470155458,0,0.0,0.0,0.0,0.0,0.0,0.0,0.0
135,3,2,35,123.09214800000001,0.03345,7.368605678204048,-8.884700292667286,0,-7.063798388708531,13.418767068678926,0,0.0,0.0,0.0,0.0,0.0,0.0,0.0
135,3,2,36,123.125606,0.033458,7.077033766926973,-8.894604121378034,0,-6.612571127266475,13.419104366276281,0,0.0,0.0,0.0,0.0,0.0,0.0,0.0
135,3,2,37,123.15906,0.033454,6.77625083059387,-8.904601992688052,0,-6.162203833578962,13.419574667069064,0,0.0,0.0,0.0,0.0,0.0,0.0,0.0
135,3,2,38,123.192498,0.033438,6.47643287299539,-8.914691932322185,0,-5.720426794237061,13.420179455883742,0,0.0,0.0,0.0,0.0,0.0,0.0,0.0
135,3,2,39,123.225911,0.033413,6.185190627769995,-8.924778270202244,0,-5.26980642054927,13.421024413280621,0,0.0,0.0,0.0,0.0,0.0,0.0,0.0
135,3,2,40,123.259331,0.03342,5.884713336487485,-8.933942954683156,0,-4.819948842689516,13.42288991968836,0,0.0,0.0,0.0,0.0,0.0,0.0,0.0
135,3,2,41,123.29277400000001,0.033443,5.584021807211883,-8.944466585748138,0,-4.378053190874402,13.424367349356135,0,0.0,0.0,0.0,0.0,0.0,0.0,0.0
135,3,2,42,123.32619600000001,0.033422,5.284425200950686,-8.95416921999607,0,-3.927311440621739,13.427006459907913,0,0.0,0.0,0.0,0.0,0.0,0.0,0.0
135,3,2,43,123.35961,0.033414,4.993103913949125,-8.965197124399744,0,-3.476676349904769,13.429236722477132,0,0.0,0.0,0.0,0.0,0.0,0.0,0.0
135,3,2,44,123.393024,0.033414,4.692673169623646,-8.97512801469469,0,-3.026956598874339,13.432457368970155,0,0.0,0.0,0.0,0.0,0.0,0.0,0.0
135,3,2,45,123.426443,0.033419,4.392205642596162,-8.985026119635405,0,-2.5853289441075518,13.435889769724609,0,0.0,0.0,0.0,0.0,0.0,0.0,0.0
135,3,2,46,123.459861,0.033418,4.091746245665498,-8.99388674570672,0,-2.134639847515602,13.440120111694357,0,0.0,0.0,0.0,0.0,0.0,0.0,0.0
135,3,2,47,123.493278,0.033417,3.791288568659314,-9.004049059329112,0,-1.6839533322604665,13.443651019371007,0,0.0,0.0,0.0,0.0,0.0,0.0,0.0
135,3,2,48,123.526718,0.03344,3.490632231442748,-9.014200424133357,0,-1.2339632228107926,13.44743478911207,0,0.0,0.0,0.0,0.0,0.0,0.0,0.0
135,3,2,49,123.560179,0.033461,3.1897861658632185,-9.023290667096587,0,-0.7916997273013988,13.45224359832545,0,0.0,0.0,0.0,0.0,0.0,0.0,0.0
135,3,2,50,123.593631,0.033452,2.8890138659125686,-9.03269305622877,0,-0.3405412784918671,13.457204790632456,0,0.0,0.0,0.0,0.0,0.0,0.0,0.0
135,3,2,51,123.62709100000001,0.03346,2.5871014977238453,-9.043315970795229,0,0.11071295481904968,13.461672440651682,0,0.0,0.0,0.0,0.0,0.0,0.0,0.0
135,3,2,52,123.66051,0.033419,2.2777092008511897,-9.052840704931954,0,0.5614157183531516,13.467107186579465,0,0.0,0.0,0.0,0.0,0.0,0.0,0.0
135,3,2,53,123.693946,0.033436,1.9770808183125537,-9.062537174929183,0,1.012358292673083,13.47278200595211,0,0.0,0.0,0.0,0.0,0.0,0.0,0.0
135,3,2,54,123.727393,0.033447,1.6763615446815177,-9.072458992639405,0,1.4634372038823602,13.478778075803548,0,0.0,0.0,0.0,0.0,0.0,0.0,0.0
135,3,2,55,123.760847,0.033454,1.3744154290280346,-9.082605724655535,0,1.914612086581339,13.485094895802039,0,0.0,0.0,0.0,0.0,0.0,0.0,0.0
135,3,2,56,123.79426600000001,0.033419,1.065102815321791,-9.092796486836027,0,2.3653252971680554,13.491817628301975,0,0.0,0.0,0.0,0.0,0.0,0.0,0.0
135,3,2,57,123.827689,0.033423,0.7645993251226246,-9.102108999385639,0,2.8160805328106275,13.499450665149547,0,0.0,0.0,0.0,0.0,0.0,0.0,0.0
135,3,2,58,123.861143,0.033454,0.4625944137424242,-9.112668055635938,0,3.267255494629046,13.50670094625086,0,0.0,0.0,0.0,0.0,0.0,0.0,0.0
135,3,2,59,123.894581,0.033438,0.1531697680555982,-9.122277909168472,0,3.718224866586448,13.515101139634947,0,0.0,0.0,0.0,0.0,0.0,0.0,0.0
135,3,2,60,123.928038,0.033457,-0.1489095311857694,-9.132172084598276,0,4.170708758014646,13.523910382788927,0,0.0,0.0,0.0,0.0,0.0,0.0,0.0
135,3,2,61,123.961496,0.033458,-0.4584587542110363,-9.142298958402915,0,4.630667651173612,13.533054689159634,0,0.0,0.0,0.0,0.0,0.0,0.0,0.0
135,3,2,62,123.994952,0.033456,-0.7605911329325695,-9.152623324696354,0,5.081879676251121,13.542481939525238,0,0.0,0.0,0.0,0.0,0.0,0.0,0.0
135,3,2,63,124.02841500000001,0.033463,-1.071483032495789,-9.163194770862873,0,5.533174367182854,13.552263808013494,0,0.0,0.0,0.0,0.0,0.0,0.0,0.0
135,3,2,64,124.061868,0.033453,-1.380904357578222,-9.1740532852798,0,5.984336055773459,13.562461748133044,0,0.0,0.0,0.0,0.0,0.0,0.0,0.0
135,3,2,65,124.095331,0.033463,-1.683183214994149,-9.185230705298931,0,6.437050353711053,13.573118660718485,0,0.0,0.0,0.0,0.0,0.0,0.0,0.0
135,3,2,66,124.128787,0.033456,-1.992575428846425,-9.196496937837573,0,6.896842663205712,13.584317493252135,0,0.0,0.0,0.0,0.0,0.0,0.0,0.0
135,3,2,67,124.162204,0.033417,-2.2944759582249317,-9.206979417478616,0,7.347518935827157,13.596442913930193,0,0.0,0.0,0.0,0.0,0.0,0.0,0.0
135,3,2,68,124.195657,0.033453,-2.605282894345365,-9.218697639679746,0,7.798690295873263,13.608302561753977,0,0.0,0.0,0.0,0.0,0.0,0.0,0.0
135,3,2,69,124.229105,0.033448,-2.914535449629116,-9.229644095119022,0,8.251282677720894,13.621520448223938,0,0.0,0.0,0.0,0.0,0.0,0.0,0.0
135,3,2,70,124.262538,0.033433,-3.216650026882823,-9.24127709172475,0,8.71067484365765,13.635299888950444,0,0.0,0.0,0.0,0.0,0.0,0.0,0.0
135,3,2,71,124.295996,0.033458,-3.5275033516750174,-9.254408296097148,0,9.163460879318022,13.649235020459246,0,0.0,0.0,0.0,0.0,0.0,0.0,0.0
135,3,2,72,124.329458,0.033462,-3.838385960394823,-9.266850599958783,0,9.623194745746781,13.664635581960296,0,0.0,0.0,0.0,0.0,0.0,0.0,0.0
135,3,2,73,124.362911,0.033453,-4.1491864415558215,-9.279713506110783,0,10.075958365190765,13.680649949608023,0,0.0,0.0,0.0,0.0,0.0,0.0,0.0
135,3,2,74,124.396348,0.033437,-4.459844587570539,-9.292763590717355,0,10.535312108921975,13.697413224821247,0,0.0,0.0,0.0,0.0,0.0,0.0,0.0
135,3,2,75,124.42979600000001,0.033448,-4.770597126509373,-9.305351508878097,0,10.98805164073663,13.715480830835503,0,0.0,0.0,0.0,0.0,0.0,0.0,0.0
135,3,2,76,124.463249,0.033453,-5.081397673476886,-9.319664569488358,0,11.44923955053045,13.733613465901083,0,0.0,0.0,0.0,0.0,0.0,0.0,0.0
135,3,2,77,124.496707,0.033458,-5.392250855925764,-9.334658027548194,0,11.9088050811189,13.752739803517642,0,0.0,0.0,0.0,0.0,0.0,0.0,0.0
135,3,2,78,124.530129,0.033422,-5.702761839954627,-9.349962257755463,0,12.361263796577274,13.772828039507555,0,0.0,0.0,0.0,0.0,0.0,0.0,0.0
135,3,2,79,124.56358900000001,0.03346,-6.013627489646116,-9.364492887489936,0,12.822548308066441,13.794232175601547,0,0.0,0.0,0.0,0.0,0.0,0.0,0.0
135,3,2,80,124.597042,0.033453,-6.324434151957539,-9.379417045632183,0,13.283745291566825,13.815688812621177,0,0.0,0.0,0.0,0.0,0.0,0.0,0.0
135,3,2,81,124.63046,0.033418,-6.636694169514197,-9.395361195701925,0,13.744448380042291,13.836724560038128,0,0.0,0.0,0.0,0.0,0.0,0.0,0.0
135,3,2,82,124.66390700000001,0.033447,-6.955652904734758,-9.410401187557577,0,14.205553762446424,13.858874237986331,0,0.0,0.0,0.0,0.0,0.0,0.0,0.0
135,3,2,83,124.697354,0.033447,-7.266403762299101,-9.425626633215277,0,14.666667938978826,13.881297037225364,0,0.0,0.0,0.0,0.0,0.0,0.0,0.0
135,3,2,84,124.730805,0.033451,-7.579043795711195,-9.440844266751169,0,15.129685591244428,13.903708331406165,0,0.0,0.0,0.0,0.0,0.0,0.0,0.0
135,3,2,85,124.764258,0.033453,-7.897984918528625,-9.455842316502247,0,15.59901417184145,13.92579624043071,0,0.0,0.0,0.0,0.0,0.0,0.0,0.0
135,3,2,86,124.797689,0.033431,-8.210491932808607,-9.470488281312655,0,16.061812543482056,13.947365627362883,0,0.0,0.0,0.0,0.0,0.0,0.0,0.0
135,3,2,87,124.831117,0.033428,-8.531076942562333,-9.484878332053942,0,16.530748617649248,13.96855812484805,0,0.0,0.0,0.0,0.0,0.0,0.0,0.0
135,3,2,88,124.864534,0.033417,-8.849620116211941,-9.49905117939679,0,16.993378793562083,13.989430742816605,0,0.0,0.0,0.0,0.0,0.0,0.0,0.0
135,3,2,89,124.897954,0.03342,-9.162074335317827,-9.512676571179165,0,17.46413669645894,14.010086932385374,0,0.0,0.0,0.0,0.0,0.0,0.0,0.0
135,3,2,90,124.93137200000001,0.033418,-9.482563440518334,-9.525058067181801,0,17.93485507063977,14.030750414720039,0,0.0,0.0,0.0,0.0,0.0,0.0,0.0
135,3,2,91,124.964785,0.033413,-9.803006497448633,-9.537219747816998,0,18.40550580980504,14.048665004259803,0,0.0,0.0,0.0,0.0,0.0,0.0,0.0
135,3,2,92,124.998204,0.033419,-10.123512881807534,-9.545389306887795,0,18.876249561494664,14.060699056284703,0,0.0,0.0,0.0,0.0,0.0,0.0,0.0
135,3,2,93,125.031655,0.033451,-10.444318468416961,-9.553707590923404,0,19.349457221083096,14.07295218548971,0,0.0,0.0,0.0,0.0,0.0,0.0,0.0
135,3,2,94,125.06507,0.033415,-10.764780758819827,-9.561860883791105,0,19.828111755901865,14.085580714121534,0,0.0,0.0,0.0,0.0,0.0,0.0,0.0
135,3,2,95,125.09850800000001,0.033438,-11.085469305759968,-9.569259808135989,0,20.299123059372167,14.098894899910798,0,0.0,0.0,0.0,0.0,0.0,0.0,0.0
135,3,2,96,125.13193700000001,0.033429,-11.408142905559783,-9.577783908915878,0,20.772075377416723,14.111453906920904,0,0.0,0.0,0.0,0.0,0.0,0.0,0.0
135,3,2,97,125.16539300000001,0.033456,-11.736919462699985,-9.586356163665542,0,21.25125297742852,14.12408386171302,0,0.0,0.0,0.0,0.0,0.0,0.0,0.0
135,3,2,98,125.198853,0.03346,-12.057818932577511,-9.595004697452453,0,21.724707918540062,14.136826202431612,0,0.0,0.0,0.0,0.0,0.0,0.0,0.0
135,3,2,99,125.23231200000001,0.033459,-12.380862658225322,-9.603685166551415,0,22.20386996463738,14.149615595128854,0,0.0,0.0,0.0,0.0,0.0,0.0,0.0
135,3,2,100,125.26573400000001,0.033422,-12.709230797953104,-9.612240444930118,0,22.67682571622239,14.162220537738758,0,0.0,0.0,0.0,0.0,0.0,0.0,0.0
135,3,2,101,125.299188,0.033454,-13.030072656555372,-9.620518818145102,0,23.158088504778537,14.174417501374448,0,0.0,0.0,0.0,0.0,0.0,0.0,0.0
135,3,2,102,125.332648,0.03346,-13.350964555919377,-9.628387162187469,0,23.637194207582613,14.186010347416243,0,0.0,0.0,0.0,0.0,0.0,0.0,0.0
135,3,2,103,125.366122,0.033474,-13.674257171883296,-9.635516871664292,0,24.110968855440383,14.197207125301254,0,0.0,0.0,0.0,0.0,0.0,0.0,0.0
135,3,2,104,125.399557,0.033435,-14.002652450281264,-9.641456741411583,0,24.591958194944006,14.208323980376857,0,0.0,0.0,0.0,0.0,0.0,0.0,0.0
135,3,2,105,125.432986,0.033429,-14.323247050429805,-9.648101876937886,0,25.070546620125363,14.21811671616187,0,0.0,0.0,0.0,0.0,0.0,0.0,0.0
