id,type,sim_state,tick_count,sim_time,delta_time,x,x_vel,x_acc,y,y_vel,y_acc,s,s_vel,s_acc,d,d_vel,d_acc,angle
38,3,2,1,23.356667,0.0,-21.539535899064504,9.258206835206598,0,22.462283367291093,-13.139538550761019,0,0.0,0.0,0.0,0.0,0.0,0.0,0.0
38,3,2,2,23.390104,0.033437,-21.32913160685437,9.342762964623478,0,22.171708847519707,-13.259543271108301,0,0.0,0.0,0.0,0.0,0.0,0.0,0.0
38,3,2,3,23.423511,0.033407,-21.138870570557398,9.417095016697855,0,21.90131864207363,-13.365037659079235,0,0.0,0.0,0.0,0.0,0.0,0.0,0.0
38,3,2,4,23.456934,0.033423,-20.938384726889954,9.483234933810662,0,21.610731788213524,-13.458905511258028,0,0.0,0.0,0.0,0.0,0.0,0.0,0.0
38,3,2,5,23.490367000000003,0.033433,-20.707712540923804,9.542689534691567,0,21.299618459625155,-13.543285352214273,0,0.0,0.0,0.0,0.0,0.0,0.0,0.0
38,3,2,6,23.523793,0.033426,-20.446813747656876,9.596504393257481,0,20.918419669584846,-13.619686621891946,0,0.0,0.0,0.0,0.0,0.0,0.0,0.0
38,3,2,7,23.557219,0.033426,-20.135843517115788,9.64406688326763,0,20.47700853617812,-13.690070620866226,0,0.0,0.0,0.0,0.0,0.0,0.0,0.0
38,3,2,8,23.590670000000003,0.033451,-19.78455912571136,9.688632166720948,0,19.975342077555005,-13.753370925426983,0,0.0,0.0,0.0,0.0,0.0,0.0,0.0
38,3,2,9,23.624106,0.033436,-19.403924965408994,9.72794958007428,0,19.444094438318373,-13.812078337103868,0,0.0,0.0,0.0,0.0,0.0,0.0,0.0
38,3,2,10,23.657558,0.033452,-19.032982221315063,9.765121256787744,0,18.903072792916117,-13.864908309963354,0,0.0,0.0,0.0,0.0,0.0,0.0,0.0
38,3,2,11,23.691011000000003,0.033453,-18.66222088665874,9.797812265905263,0,18.38192043356032,-13.914287407416163,0,0.0,0.0,0.0,0.0,0.0,0.0,0.0
38,3,2,12,23.724425,0.033414,-18.301713799267468,9.827718269850235,0,17.87120205936265,-13.959662989866025,0,0.0,0.0,0.0,0.0,0.0,0.0,0.0
38,3,2,13,23.757877,0.033452,-17.940796462696333,9.856534200866,0,17.35990250160364,-14.000739023585265,0,0.0,0.0,0.0,0.0,0.0,0.0,0.0
38,3,2,14,23.791334000000003,0.033457,-17.579814916286743,9.880482078895648,0,16.84851197679957,-14.040656304207879,0,0.0,0.0,0.0,0.0,0.0,0.0,0.0
38,3,2,15,23.824782000000003,0.033448,-17.219235302813626,9.903875077673522,0,16.33756823108008,-14.07689696534477,0,0.0,0.0,0.0,0.0,0.0,0.0,0.0
38,3,2,16,23.858227000000003,0.033445,-16.86809910630311,9.929429353913955,0,15.836081245973684,-14.116226104884833,0,0.0,0.0,0.0,0.0,0.0,0.0,0.0
38,3,2,17,23.891672,0.033445,-16.50724711082707,10.072249587276946,0,15.324874251262687,-14.322423334104236,0,0.0,0.0,0.0,0.0,0.0,0.0,0.0
38,3,2,18,23.925118,0.033446,-16.14675980265096,10.218834674612523,0,14.814031800587081,-14.537055586039234,0,0.0,0.0,0.0,0.0,0.0,0.0,0.0
38,3,2,19,23.958528,0.03341,-15.795930431342814,10.36719740041578,0,14.313008956369359,-14.754271724140741,0,0.0,0.0,0.0,0.0,0.0,0.0,0.0
38,3,2,20,23.991929000000003,0.033401,-15.435941629856357,10.50249483284447,0,13.802862983074558,-14.95012837600445,0,0.0,0.0,0.0,0.0,0.0,0.0,0.0
38,3,2,21,24.025333000000003,0.033404,-15.085154024483321,10.605816541804648,0,13.301909044843503,-15.103632400277757,0,0.0,0.0,0.0,0.0,0.0,0.0,0.0
38,3,2,22,24.058764,0.033431,-14.7248817603079,10.665670412502767,0,12.790930194900968,-15.19534212025549,0,0.0,0.0,0.0,0.0,0.0,0.0,0.0
38,3,2,23,24.092206,0.033442,-14.373643550521178,10.682638597942072,0,12.280210662397232,-15.226005650470045,0,0.0,0.0,0.0,0.0,0.0,0.0,0.0
38,3,2,24,24.125633,0.033427,-14.013455639779218,10.670389030570652,0,11.77885213367323,-15.215028841613568,0,0.0,0.0,0.0,0.0,0.0,0.0,0.0
38,3,2,25,24.159086000000002,0.033453,-13.662067817693671,10.644960337228323,0,11.26802214513736,-15.185402502729799,0,0.0,0.0,0.0,0.0,0.0,0.0,0.0
38,3,2,26,24.192519,0.033433,-13.301850761164138,10.620828811933473,0,10.766513594800097,-15.160509416453053,0,0.0,0.0,0.0,0.0,0.0,0.0,0.0
38,3,2,27,24.225961,0.033442,-12.951064055102876,10.608021579525621,0,10.255895018889014,-15.148688931532531,0,0.0,0.0,0.0,0.0,0.0,0.0,0.0
38,3,2,28,24.259406000000002,0.033445,-12.599694143555594,10.599507510012067,0,9.754174213640075,-15.143167974999962,0,0.0,0.0,0.0,0.0,0.0,0.0,0.0
38,3,2,29,24.292825,0.033419,-12.239689942418474,10.58906603474666,0,9.243932001760061,-15.137930744292447,0,0.0,0.0,0.0,0.0,0.0,0.0,0.0
38,3,2,30,24.326307,0.033482,-11.888483661026969,10.578519138040736,0,8.74160724982908,-15.132549919010215,0,0.0,0.0,0.0,0.0,0.0,0.0,0.0
38,3,2,31,24.359766,0.033459,-11.536888892698798,10.56816347071849,0,8.230829193127544,-15.127627820155974,0,0.0,0.0,0.0,0.0,0.0,0.0,0.0
38,3,2,32,24.393194,0.033428,-11.176868293109843,10.55705033186568,0,7.729253428229452,-15.124418197037752,0,0.0,0.0,0.0,0.0,0.0,0.0,0.0
38,3,2,33,24.426633000000002,0.033439,-10.826113055448468,10.547686257614487,0,7.218822163144514,-15.120902344589675,0,0.0,0.0,0.0,0.0,0.0,0.0,0.0
38,3,2,34,24.460055,0.033422,-10.475535419800135,10.537126940602379,0,6.717311240156168,-15.118670379736932,0,0.0,0.0,0.0,0.0,0.0,0.0,0.0
38,3,2,35,24.493474000000003,0.033419,-10.124980200007645,10.526589159029113,0,6.2072037997144776,-15.11645746454764,0,0.0,0.0,0.0,0.0,0.0,0.0,0.0
38,3,2,36,24.526916,0.033442,-9.774193495193957,10.515864563702005,0,5.705355865277623,-15.1139735702284,0,0.0,0.0,0.0,0.0,0.0,0.0,0.0
38,3,2,37,24.560331,0.033415,-9.423689228309836,10.50475914984707,0,5.195359554045072,-15.111157998687148,0,0.0,0.0,0.0,0.0,0.0,0.0,0.0
38,3,2,38,24.593742000000002,0.033411,-9.07321797898339,10.492045762561984,0,4.694686341563867,-15.109004613923943,0,0.0,0.0,0.0,0.0,0.0,0.0,0.0
38,3,2,39,24.627164,0.033422,-8.722641062294164,10.479141489948509,0,4.193093748375909,-15.10681283218461,0,0.0,0.0,0.0,0.0,0.0,0.0,0.0
38,3,2,40,24.660614000000002,0.03345,-8.371769610174551,10.464925004826352,0,3.6826172399460644,-15.105455367443168,0,0.0,0.0,0.0,0.0,0.0,0.0,0.0
38,3,2,41,24.694034000000002,0.03342,-8.021204013627951,10.452005250861339,0,3.1809997643811685,-15.103219792726415,0,0.0,0.0,0.0,0.0,0.0,0.0,0.0
38,3,2,42,24.72746,0.033426,-7.67058513924029,10.43762784687858,0,2.670925139101535,-15.101834491784116,0,0.0,0.0,0.0,0.0,0.0,0.0,0.0
38,3,2,43,24.760877,0.033417,-7.320059785412023,10.423180138658829,0,2.169332459199863,-15.100594380835512,0,0.0,0.0,0.0,0.0,0.0,0.0,0.0
38,3,2,44,24.794319,0.033442,-6.969263473317522,10.40757716221464,0,1.6590370462990334,-15.100640271260358,0,0.0,0.0,0.0,0.0,0.0,0.0,0.0
38,3,2,45,24.827767,0.033448,-6.619303034089049,10.392382268053675,0,1.157823272210844,-15.101260797454314,0,0.0,0.0,0.0,0.0,0.0,0.0,0.0
38,3,2,46,24.8612,0.033433,-6.277720577464837,10.37770238831552,0,0.6559238998133146,-15.102600625930128,0,0.0,0.0,0.0,0.0,0.0,0.0,0.0
38,3,2,47,24.894655,0.033455,-5.9277236283702806,10.363492246856397,0,0.14550061848930937,-15.10462268695585,0,0.0,0.0,0.0,0.0,0.0,0.0,0.0
38,3,2,48,24.928091000000002,0.033436,-5.586064204825907,10.34948316177345,0,-0.3555333357051973,-15.10721862952483,0,0.0,0.0,0.0,0.0,0.0,0.0,0.0
38,3,2,49,24.961505000000002,0.033414,-5.236540634562105,10.334325598231583,0,-0.8572095291108265,-15.111043240656546,0,0.0,0.0,0.0,0.0,0.0,0.0,0.0
38,3,2,50,24.994946000000002,0.033441,-4.894784497436898,10.3191205987241,0,-1.3673614899847284,-15.115126876394026,0,0.0,0.0,0.0,0.0,0.0,0.0,0.0
38,3,2,51,25.028369,0.033423,-4.545206771174632,10.302880650399747,0,-1.8692103244128981,-15.120266129876361,0,0.0,0.0,0.0,0.0,0.0,0.0,0.0
38,3,2,52,25.061816,0.033447,-4.204390541250912,10.28809367720611,0,-2.379400982822588,-15.124951361483918,0,0.0,0.0,0.0,0.0,0.0,0.0,0.0
38,3,2,53,25.095254,0.033438,-3.8636579356190315,10.271950014778527,0,-2.8804783424870495,-15.130888828480796,0,0.0,0.0,0.0,0.0,0.0,0.0,0.0
38,3,2,54,25.128704000000003,0.03345,-3.5217320803314696,10.254502826864437,0,-3.3828021954721117,-15.137470407888525,0,0.0,0.0,0.0,0.0,0.0,0.0,0.0
38,3,2,55,25.162155000000002,0.033451,-3.1719551284075878,10.238102685102266,0,-3.8929824719999644,-15.142666948366976,0,0.0,0.0,0.0,0.0,0.0,0.0,0.0
38,3,2,56,25.195573000000003,0.033418,-2.831426390005019,10.22120810324107,0,-4.394880896382136,-15.147452747121934,0,0.0,0.0,0.0,0.0,0.0,0.0,0.0
38,3,2,57,25.229022,0.033449,-2.490590833172481,10.202756755047451,0,-4.904988785773157,-15.152847422439859,0,0.0,0.0,0.0,0.0,0.0,0.0,0.0
38,3,2,58,25.262459,0.033437,-2.151042821547331,10.184231456561625,0,-5.40603947569512,-15.15771751630438,0,0.0,0.0,0.0,0.0,0.0,0.0,0.0
38,3,2,59,25.295907000000003,0.033448,-1.819041997555146,10.166578236991931,0,-5.908457482482412,-15.1609736833129,0,0.0,0.0,0.0,0.0,0.0,0.0,0.0
38,3,2,60,25.329334000000003,0.033427,-1.478430614557295,10.14844001767,0,-6.418165579683556,-15.163066272052022,0,0.0,0.0,0.0,0.0,0.0,0.0,0.0
38,3,2,61,25.362763,0.033429,-1.137797601681688,10.130982090519286,0,-6.920324078500681,-15.1632600443766,0,0.0,0.0,0.0,0.0,0.0,0.0,0.0
38,3,2,62,25.396202000000002,0.033439,-0.7970550039452291,10.113019789826389,0,-7.4314379742006444,-15.162678485714823,0,0.0,0.0,0.0,0.0,0.0,0.0,0.0
38,3,2,63,25.429648,0.033446,-0.45752313159293534,10.094838122324347,0,-7.941372340413654,-15.160905636685076,0,0.0,0.0,0.0,0.0,0.0,0.0,0.0
38,3,2,64,25.463104,0.033456,-0.12534180900316744,10.078606570046382,0,-8.444007767908058,-15.155858348331904,0,0.0,0.0,0.0,0.0,0.0,0.0,0.0
38,3,2,65,25.496531,0.033427,0.21527843897980184,10.06256014601169,0,-8.954938137777033,-15.14817894585382,0,0.0,0.0,0.0,0.0,0.0,0.0,0.0
38,3,2,66,25.529970000000002,0.033439,0.5546724509550287,10.045780510997112,0,-9.466038626493914,-15.138492772322712,0,0.0,0.0,0.0,0.0,0.0,0.0,0.0
38,3,2,67,25.563415000000003,0.033445,0.8868082843087894,10.030676316604476,0,-9.977232903624168,-15.125601690721338,0,0.0,0.0,0.0,0.0,0.0,0.0,0.0
38,3,2,68,25.596852000000002,0.033437,1.2275303638412207,10.014755800969048,0,-10.488316027048755,-15.11100209625306,0,0.0,0.0,0.0,0.0,0.0,0.0,0.0
38,3,2,69,25.630263000000003,0.033411,1.5665812229442673,9.999176432400915,0,-10.99759105814112,-15.093143004247349,0,0.0,0.0,0.0,0.0,0.0,0.0,0.0
38,3,2,70,25.663708,0.033445,1.898774956023491,9.984444741235224,0,-11.500182913654163,-15.07090642076856,0,0.0,0.0,0.0,0.0,0.0,0.0,0.0
38,3,2,71,25.697168,0.03346,2.239731341267896,9.968108168395185,0,-12.011617491317672,-15.045774565483256,0,0.0,0.0,0.0,0.0,0.0,0.0,0.0
38,3,2,72,25.730610000000002,0.033442,2.5790240562313302,9.9516970524161,0,-12.521292319549865,-15.017255462558358,0,0.0,0.0,0.0,0.0,0.0,0.0,0.0
38,3,2,73,25.764049,0.033439,2.911230749061373,9.935202653582353,0,-13.023866604127372,-14.98535651092143,0,0.0,0.0,0.0,0.0,0.0,0.0,0.0
38,3,2,74,25.797457,0.033408,3.25015151676397,9.918235059846753,0,-13.533000594760054,-14.949524359152509,0,0.0,0.0,0.0,0.0,0.0,0.0,0.0
38,3,2,75,25.830906000000002,0.033449,3.5809624978191943,9.90095574939124,0,-14.03422935292241,-14.910003397644484,0,0.0,0.0,0.0,0.0,0.0,0.0,0.0
38,3,2,76,25.864348,0.033442,3.9132585628811687,9.887237543681175,0,-14.536908323023367,-14.872664753319834,0,0.0,0.0,0.0,0.0,0.0,0.0,0.0
38,3,2,77,25.897782000000003,0.033434,4.252376768744104,9.87961961481182,0,-15.046372189219634,-14.841338056304751,0,0.0,0.0,0.0,0.0,0.0,0.0,0.0
38,3,2,78,25.931217,0.033435,4.583049290349744,9.870918098296231,0,-15.545797669032153,-14.80523618851353,0,0.0,0.0,0.0,0.0,0.0,0.0,0.0
38,3,2,79,25.964667000000002,0.03345,4.913871760919174,9.848598390611242,0,-16.03863733004921,-14.745617442399906,0,0.0,0.0,0.0,0.0,0.0,0.0,0.0
38,3,2,80,25.998112000000003,0.033445,5.244651471490056,9.800339324715361,0,-16.53817666617276,-14.644239535357013,0,0.0,0.0,0.0,0.0,0.0,0.0,0.0
38,3,2,81,26.031564000000003,0.033452,5.575492122624263,9.71680831593815,0,-17.0294249056752,-14.487478028721833,0,0.0,0.0,0.0,0.0,0.0,0.0,0.0
38,3,2,82,26.064991000000003,0.033427,5.9060871900244525,9.599623280146135,0,-17.52030849123371,-14.277708193609826,0,0.0,0.0,0.0,0.0,0.0,0.0,0.0
38,3,2,83,26.098517,0.033526,6.23766792515901,9.460380906859452,0,-18.012655642917924,-14.031004259609963,0,0.0,0.0,0.0,0.0,0.0,0.0,0.0
38,3,2,84,26.131958,0.033441,6.568399786555852,9.31182070408125,0,-18.501986718024906,-13.77141304393308,0,0.0,0.0,0.0,0.0,0.0,0.0,0.0
38,3,2,85,26.165374,0.033416,6.897115783015831,9.167095250646607,0,-18.9826941532891,-13.515987770469573,0,0.0,0.0,0.0,0.0,0.0,0.0,0.0
38,3,2,86,26.199260000000002,0.033886,7.224027202677235,9.048262503502293,0,-19.4701720515611,-13.297050861539532,0,0.0,0.0,0.0,0.0,0.0,0.0,0.0
38,3,2,87,26.232707,0.033447,7.552868273836011,9.028114071874914,0,-19.9493727585865,-13.224095405531344,0,0.0,0.0,0.0,0.0,0.0,0.0,0.0
38,3,2,88,26.266144,0.033437,7.87354148571991,9.006138481336167,0,-20.420361539570024,-13.147146604957456,0,0.0,0.0,0.0,0.0,0.0,0.0,0.0
38,3,2,89,26.299560000000003,0.033416,8.194019110291302,8.97977926523457,0,-20.891063050871633,-13.067632791635983,0,0.0,0.0,0.0,0.0,0.0,0.0,0.0
38,3,2,90,26.332995,0.033435,8.514671251577207,8.948469776695248,0,-21.360014410155053,-12.9857991394241,0,0.0,0.0,0.0,0.0,0.0,0.0,0.0
38,3,2,91,26.366434,0.033439,8.837391811711475,8.913712662138819,0,-21.823037915047728,-12.900475718555407,0,0.0,0.0,0.0,0.0,0.0,0.0,0.0
38,3,2,92,26.399874,0.03344,9.16812166707701,8.87360714789709,0,-22.296127636712388,-12.812210363919203,0,0.0,0.0,0.0,0.0,0.0,0.0,0.0
38,3,2,93,26.433285,0.033411,9.496493411173388,8.828664157597322,0,-22.77469718103337,-12.719601084771238,0,0.0,0.0,0.0,0.0,0.0,0.0,0.0
38,3,2,94,26.466728000000003,0.033443,9.815138020063367,8.775774540929516,0,-23.23951187173693,-12.623927288572304,0,0.0,0.0,0.0,0.0,0.0,0.0,0.0
38,3,2,95,26.500190000000003,0.033462,10.117568126267416,8.718566813224594,0,-23.670200222358613,-12.522436564369649,0,0.0,0.0,0.0,0.0,0.0,0.0,0.0
38,3,2,96,26.533621,0.033431,10.379549424908108,8.651972339943532,0,-24.048143400036544,-12.418418667188684,0,0.0,0.0,0.0,0.0,0.0,0.0,0.0
38,3,2,97,26.567056,0.033435,10.603555870901268,8.577212160060146,0,-24.36589052029244,-12.309429261896769,0,0.0,0.0,0.0,0.0,0.0,0.0,0.0
38,3,2,98,26.600491,0.033435,10.797442552881513,8.499267028667555,0,-24.632096707937958,-12.189754952949235,0,0.0,0.0,0.0,0.0,0.0,0.0,0.0
38,3,2,99,26.633931,0.03344,10.967814477581912,8.413610094331501,0,-24.882643655520894,-12.060855709121688,0,0.0,0.0,0.0,0.0,0.0,0.0,0.0
38,3,2,100,26.667371000000003,0.03344,11.140406557353577,8.318433428760576,0,-25.1354112909992,-11.922745169633211,0,0.0,0.0,0.0,0.0,0.0,0.0,0.0
