id,agent_type,type,sim_state,tick_count,sim_time,delta_time,x,x_vel,x_acc,y,y_vel,y_acc,s,s_vel,s_acc,d,d_vel,d_acc,yaw
-118,pedestrian,4,1,1,194.027167,0.0,-28.757550518211527,0.659561400862728,-1.413345882539109,9.069749740884038,1.4239912200818143,-3.0514097552417305,0.0,0.0,0.0,0.0,0.0,0.0,0.0
-118,pedestrian,4,1,2,194.060645,0.033478,-28.740015547109046,0.5260491330743986,-4.005368033649879,9.111907913891233,1.2647451902158613,-4.777380895978592,0.0,0.0,0.0,0.0,0.0,0.0,0.0
-118,pedestrian,4,1,3,194.094131,0.033486,-28.726543549800404,0.404159919259247,-3.656676414454548,9.148990766867975,1.1124855893022416,-4.567788027408587,0.0,0.0,0.0,0.0,0.0,0.0,0.0
-118,pedestrian,4,1,4,194.13076099999998,0.03663,-28.71678532913785,0.2927466198766391,-3.3423989814782367,9.18123997979513,0.9674763878146713,-4.35027604462711,0.0,0.0,0.0,0.0,0.0,0.0,0.0
-118,pedestrian,4,1,5,194.164345,0.033584,-28.710424732544684,0.1908178977949891,-3.0578616624495,9.208898372285825,0.829751774720831,-4.131738392815211,0.0,0.0,0.0,0.0,0.0,0.0,0.0
-118,pedestrian,4,1,6,194.197823,0.033478,-28.707174413672124,0.09750956617675646,-2.799249948546979,9.232205202777344,0.6992049147455716,-3.9164057992577805,0.0,0.0,0.0,0.0,0.0,0.0,0.0
-118,pedestrian,4,1,7,194.23130899999998,0.033486,-28.706772352984377,0.01206182063243684,-2.5634323663295886,9.251393266788167,0.5756419203246784,-3.706889832626793,0.0,0.0,0.0,0.0,0.0,0.0,0.0
-118,pedestrian,4,1,8,194.26478,0.033471,-28.708978961115708,-0.06619824393996704,-2.3478019371721164,9.266687123088916,0.45881568902246006,-3.504786939066552,0.0,0.0,0.0,0.0,0.0,0.0,0.0
-118,pedestrian,4,1,9,194.298236,0.033456,-28.713574634778674,-0.13787020988900034,-2.150158978470999,9.278302048877087,0.3484477736451153,-3.311037461320343,0.0,0.0,0.0,0.0,0.0,0.0,0.0
-118,pedestrian,4,1,10,194.331716,0.03348,-28.72035767087089,-0.20349108276647176,-1.968626186324143,9.286443477103111,0.24424284678070535,-3.126147805932299,0.0,0.0,0.0,0.0,0.0,0.0,0.0
-118,pedestrian,4,1,11,194.36522,0.033504,-28.729142459490316,-0.26354365858279705,-1.8015772744897578,9.291306753731996,0.14589829886656525,-2.9503364374242027,0.0,0.0,0.0,0.0,0.0,0.0,0.0
-118,pedestrian,4,1,12,194.398675,0.033455,-28.739757903403206,-0.3184633173867198,-1.6475897641176827,9.293077111479151,0.053110732414625675,-2.783626993558187,0.0,0.0,0.0,0.0,0.0,0.0,0.0
-118,pedestrian,4,1,13,194.43216099999998,0.033486,-28.752046023186907,-0.36864359351100257,-1.5054082837284828,9.291929790106854,-0.03441964116892321,-2.6259112075064666,0.0,0.0,0.0,0.0,0.0,0.0,0.0
-118,pedestrian,4,1,14,194.465642,0.033481,-28.765860710245693,-0.41444061176360814,-1.3739105475781666,9.288030251408308,-0.11698616095637134,-2.476995593623444,0.0,0.0,0.0,0.0,0.0,0.0,0.0
-118,pedestrian,4,1,15,194.499091,0.033449,-28.781066607183554,-0.45617690813582495,-1.2520888911665042,9.281534458022398,-0.1948738015773187,-2.336629218628421,0.0,0.0,0.0,0.0,0.0,0.0,0.0
-118,pedestrian,4,1,16,194.532567,0.033476,-28.797538086367553,-0.49414437551998763,-1.13902402152488,9.272589187309803,-0.2683581213778142,-2.204529594014864,0.0,0.0,0.0,0.0,0.0,0.0,0.0
-118,pedestrian,4,1,17,194.566046,0.033479,-28.815158314126435,-0.5286068327665001,-1.0338737173953736,9.261332364766648,-0.33770467629463646,-2.080396647504669,0.0,0.0,0.0,0.0,0.0,0.0,0.0
-118,pedestrian,4,1,18,194.599508,0.033462,-28.833818383837922,-0.5598020913446146,-0.9358577573434341,9.24789340382703,-0.4031688281885285,-1.963924556816761,0.0,0.0,0.0,0.0,0.0,0.0,0.0
-118,pedestrian,4,1,19,194.632963,0.033455,-28.853416497556825,-0.5879434115670432,-0.8442396066728597,9.232393537910086,-0.46499597750830823,-1.8548144795933914,0.0,0.0,0.0,0.0,0.0,0.0,0.0
-118,pedestrian,4,1,20,194.666425,0.033462,-28.87385718388922,-0.6132205899718338,-0.7583153521437165,9.214946137627866,-0.523422008466638,-1.7527809287498946,0.0,0.0,0.0,0.0,0.0,0.0,0.0
-118,pedestrian,4,1,21,194.69985499999999,0.03343,-28.895050537233683,-0.6358006003338077,-0.677400310859216,9.19565700601631,-0.5786739483466825,-1.6575581964013366,0.0,0.0,0.0,0.0,0.0,0.0,0.0
-118,pedestrian,4,1,22,194.73332399999998,0.033469,-28.916911452519567,-0.6558274585765332,-0.600805747281765,9.174624639324447,-0.6309710007558648,-1.5689115722754678,0.0,0.0,0.0,0.0,0.0,0.0,0.0
-118,pedestrian,4,1,23,194.766796,0.033472,-28.939358833910646,-0.6734214417323277,-0.5278194946738318,9.151940445732638,-0.6805258077542631,-1.4866442099519481,0.0,0.0,0.0,0.0,0.0,0.0,0.0
-118,pedestrian,4,1,24,194.800274,0.033478,-28.960309861079782,-0.6285308150740434,1.346718799748528,9.130768605727669,-0.6351552001490561,1.3611182281562102,0.0,0.0,0.0,0.0,0.0,0.0,0.0
-118,pedestrian,4,1,25,194.83377099999998,0.033497,-28.979864295898604,-0.5866330445647088,1.2569331152800387,9.111008298162865,-0.5928092269441024,1.2703791961486122,0.0,0.0,0.0,0.0,0.0,0.0,0.0
-118,pedestrian,4,1,26,194.867243,0.033472,-28.99811525036297,-0.5475286339310059,1.1731323190110847,9.092565424136387,-0.5532862207943693,1.1856901844919951,0.0,0.0,0.0,0.0,0.0,0.0,0.0
-118,pedestrian,4,1,27,194.900733,0.03349,-29.015149629879378,-0.5110313854922437,1.0949174531628667,9.075352158281062,-0.5163979756597415,1.1066473540388322,0.0,0.0,0.0,0.0,0.0,0.0,0.0
-118,pedestrian,4,1,28,194.93419,0.033457,-29.03104854544067,-0.4769674668387216,1.0219175596056622,9.059286529814763,-0.48196885398898115,1.032873650122811,0.0,0.0,0.0,0.0,0.0,0.0,0.0
-118,pedestrian,4,1,29,194.96765299999998,0.033463,-29.045887702074918,-0.4451746990274195,0.9537830343390628,9.044292033594305,-0.4498348866137212,0.9640190212578,0.0,0.0,0.0,0.0,0.0,0.0,0.0
-118,pedestrian,4,1,30,195.001135,0.033482,-29.059737757044616,-0.4155016490909475,0.8901914980941605,9.030297264356447,-0.4198430771357098,0.8997542843403415,0.0,0.0,0.0,0.0,0.0,0.0,0.0
-118,pedestrian,4,1,31,195.034597,0.033462,-29.072664659045962,-0.38780706004041826,0.8308376715158776,9.017235578421323,-0.39185057805374046,0.8397749724590796,0.0,0.0,0.0,0.0,0.0,0.0,0.0
-118,pedestrian,4,1,32,195.068075,0.033478,-29.084729960034053,-0.3619590296427325,0.7754409119305722,9.005044775039583,-0.3657241014522126,0.783794298045835,0.0,0.0,0.0,0.0,0.0,0.0,0.0
-118,pedestrian,4,1,33,195.101528,0.033453,-29.095991106827892,-0.33783440381512375,0.7237387748282633,8.99366679946503,-0.34133926723658903,0.7315450264687077,0.0,0.0,0.0,0.0,0.0,0.0,0.0
-118,pedestrian,4,1,34,195.135013,0.033485,-29.10650171963652,-0.3153183842588051,0.6754805866895603,8.983047468930023,-0.31857991605025193,0.6827805355901136,0.0,0.0,0.0,0.0,0.0,0.0,0.0
-118,pedestrian,4,1,35,195.16848099999999,0.033468,-29.116311844081423,-0.2943037333470718,0.6304395273519982,8.973136212949392,-0.29733767941896083,0.637267098938733,0.0,0.0,0.0,0.0,0.0,0.0,0.0
-118,pedestrian,4,1,36,195.201936,0.033455,-29.125468188506606,-0.2746903327554807,0.5884020177477333,8.963885831857487,-0.27751143275712725,0.5947873998550072,0.0,0.0,0.0,0.0,0.0,0.0,0.0
-118,pedestrian,4,1,37,195.235414,0.033478,-29.134014348927355,-0.25638481262248164,0.5491656039899726,8.955252273818235,-0.2590067411775684,0.5551407473867654,0.0,0.0,0.0,0.0,0.0,0.0,0.0
-118,pedestrian,4,1,38,195.268888,0.033474,-29.141991012988026,-0.23929992182008308,0.5125467240719569,8.947194422945916,-0.2417355261695775,0.5181364502397271,0.0,0.0,0.0,0.0,0.0,0.0,0.0
-118,pedestrian,4,1,39,195.30230899999998,0.033421,-29.14943615971735,-0.22335440187967906,0.47836559821212044,8.939673906514573,-0.22561549294029593,0.48360099687844754,0.0,0.0,0.0,0.0,0.0,0.0,0.0
-118,pedestrian,4,1,40,195.335767,0.033458,-29.156385235837824,-0.2084722836141715,0.4464635479652265,8.932654909960332,-0.21056989662721323,0.4513678893924808,0.0,0.0,0.0,0.0,0.0,0.0,0.0
-118,pedestrian,4,1,41,195.369227,0.03346,-29.162871322772784,-0.19458260804874492,0.4166902669627973,8.926104005420262,-0.1965271362020918,0.4212828127536426,0.0,0.0,0.0,0.0,0.0,0.0,0.0
-118,pedestrian,4,1,42,195.402698,0.033471,-29.168925300238843,-0.18161932398179575,0.38889852200847524,8.919989995530173,-0.183420296702677,0.3932051849824435,0.0,0.0,0.0,0.0,0.0,0.0,0.0
-118,pedestrian,4,1,43,195.436186,0.033488,-29.174575987730503,-0.1695206247497929,0.3629609769600852,8.914283761950763,-0.17118700738231646,0.36699867961081634,0.0,0.0,0.0,0.0,0.0,0.0,0.0
-118,pedestrian,4,1,44,195.469653,0.033467,-29.179850284530552,-0.15822890400144585,0.3387516224504114,8.908958128917883,-0.15976899098639163,0.34254049187774516,0.0,0.0,0.0,0.0,0.0,0.0,0.0
-118,pedestrian,4,1,45,195.503119,0.033466,-29.184773297171887,-0.14769037924007045,0.31615574284126224,8.90398773214306,-0.14911190324467283,0.3197126322515645,0.0,0.0,0.0,0.0,0.0,0.0,0.0
-118,pedestrian,4,1,46,195.53658199999998,0.033463,-29.189368461203838,-0.13785492095854643,0.29506374844572036,8.89934890057892,-0.13916494692418022,0.29840868961477857,0.0,0.0,0.0,0.0,0.0,0.0,0.0
-118,pedestrian,4,1,47,195.570046,0.033464,-29.193657648288294,-0.1286756125336474,0.27537925274697117,8.895019540908153,-0.1298807901230141,0.27852470403498397,0.0,0.0,0.0,0.0,0.0,0.0,0.0
-118,pedestrian,4,1,48,195.60351,0.033464,-29.19766127268751,-0.12010873197657465,0.2570064167121826,8.890979032495546,-0.12121525237822023,0.2599661323438158,0.0,0.0,0.0,0.0,0.0,0.0,0.0
-118,pedestrian,4,1,49,195.636972,0.033462,-29.201398389773047,-0.11211351256601612,0.23985658231675586,8.887208131324464,-0.11312703513245276,0.24264651737302426,0.0,0.0,0.0,0.0,0.0,0.0,0.0
-118,pedestrian,4,1,50,195.670432,0.03346,-29.204886781593217,-0.10465175460509224,0.22385273882771656,8.883688874979239,-0.10557769035675871,0.2264803432708215,0.0,0.0,0.0,0.0,0.0,0.0,0.0
-118,pedestrian,4,1,51,195.703896,0.033464,-29.2081430501691,-0.0976880572764629,0.20891091985888005,8.880404502083564,-0.09853118687023424,0.2113951045957342,0.0,0.0,0.0,0.0,0.0,0.0,0.0
-118,pedestrian,4,1,52,195.737361,0.033465,-29.211182688772237,-0.0911891580940982,0.1949669754709413,8.877339368182767,-0.09195401702394448,0.19731509538869263,0.0,0.0,0.0,0.0,0.0,0.0,0.0
-118,pedestrian,4,1,53,195.77082199999998,0.033461,-29.214020157926942,-0.08512407464120134,0.1819525035869058,8.874478871368247,-0.08581490443559342,0.18417337765053207,0.0,0.0,0.0,0.0,0.0,0.0,0.0
-118,pedestrian,4,1,54,195.804286,0.033464,-29.21666895535111,-0.0794639227251,0.16980455748303988,8.871809385160102,-0.08008458624437198,0.17190954573664338,0.0,0.0,0.0,0.0,0.0,0.0,0.0
-118,pedestrian,4,1,55,195.837744,0.033458,-29.219141680138044,-0.07418174360804199,0.1584653735117405,8.869318191445656,-0.0747358114333711,0.16046324433002657,0.0,0.0,0.0,0.0,0.0,0.0,0.0
-118,pedestrian,4,1,56,195.87120299999998,0.033459,-29.22145009369522,-0.0692524067153105,0.14788010678194463,8.866993422459775,-0.0697430695764192,0.14978225570855738,0.0,0.0,0.0,0.0,0.0,0.0,0.0
-118,pedestrian,4,1,57,195.90465,0.033447,-29.223605169601466,-0.0646522771873265,0.13800388583952009,8.864823999843056,-0.0650826785015543,0.1398117322459466,0.0,0.0,0.0,0.0,0.0,0.0,0.0
-118,pedestrian,4,1,58,195.938111,0.033461,-29.225617155220796,-0.06035956857988216,0.1287812582233301,8.862799587499657,-0.060732370301963566,0.13050924598772212,0.0,0.0,0.0,0.0,0.0,0.0,0.0
-118,pedestrian,4,1,59,195.97157099999998,0.03346,-29.227495610793017,-0.05635366716660722,0.12017704239824815,8.860910536482042,-0.05667153052847382,0.1218251932046924,0.0,0.0,0.0,0.0,0.0,0.0,0.0
-118,pedestrian,4,1,60,196.00503,0.033459,-29.229249466530515,-0.052615672124972986,0.11213985124902691,8.859147846545401,-0.05288069809919865,0.11372497287825487,0.0,0.0,0.0,0.0,0.0,0.0,0.0
-118,pedestrian,4,1,61,196.038491,0.033461,-29.230887052772538,-0.04912758726064084,0.10464254592996435,8.857503115866662,-0.04934192036216934,0.10616333211087946,0.0,0.0,0.0,0.0,0.0,0.0,0.0
-118,pedestrian,4,1,62,196.071957,0.033466,-29.232416143835763,-0.04587273189683116,0.09764566091429057,8.855968501926938,-0.04603841819172164,0.09910506511343085,0.0,0.0,0.0,0.0,0.0,0.0,0.0
-118,pedestrian,4,1,63,196.105416,0.033459,-29.23384400186807,-0.04283574096928323,0.09110972782643798,8.854536689635607,-0.04295436873992879,0.09252148355378546,0.0,0.0,0.0,0.0,0.0,0.0,0.0
-118,pedestrian,4,1,64,196.13887699999998,0.033461,-29.235177400237117,-0.04000195107130227,0.0850136969394288,8.853200849185543,-0.04007521350191029,0.08637465714055498,0.0,0.0,0.0,0.0,0.0,0.0,0.0
-118,pedestrian,4,1,65,196.172342,0.033465,-29.236422667153327,-0.037358007486341355,0.0793183075488275,8.851954611061961,-0.03738714370742594,0.08064209383453039,0.0,0.0,0.0,0.0,0.0,0.0,0.0
-118,pedestrian,4,1,66,196.205805,0.033463,-29.237585704048655,-0.034891106859798335,0.07400701879629057,8.850792027806145,-0.034877497674486724,0.0752893809881766,0.0,0.0,0.0,0.0,0.0,0.0,0.0
-118,pedestrian,4,1,67,196.23927,0.033465,-29.23867202560974,-0.03258964683256569,0.06904380081697938,8.84970755382939,-0.0325342193026535,0.07029835115499657,0.0,0.0,0.0,0.0,0.0,0.0,0.0
-118,pedestrian,4,1,68,196.27273,0.03346,-29.23968677149676,-0.03044237661054644,0.06441810666057755,8.848696009487819,-0.030346330247135157,0.0656366716655504,0.0,0.0,0.0,0.0,0.0,0.0,0.0
-118,pedestrian,4,1,69,196.30619299999998,0.033463,-29.24063474463255,-0.028439194073707666,0.06009547610516327,8.847752565729069,-0.0283033127625019,0.06129052453899777,0.0,0.0,0.0,0.0,0.0,0.0,0.0
-118,pedestrian,4,1,70,196.339656,0.033463,-29.241520428522467,-0.026570516697513168,0.05606032128583496,8.846872715232573,-0.02639551489484621,0.05723393602967066,0.0,0.0,0.0,0.0,0.0,0.0,0.0
-118,pedestrian,4,1,71,196.373122,0.033466,-29.242348008556057,-0.024827401007708073,0.052293470694152806,8.846052254441622,-0.02461382372852886,0.05345073498952056,0.0,0.0,0.0,0.0,0.0,0.0,0.0
-118,pedestrian,4,1,72,196.40661699999998,0.033495,-29.243121391969105,-0.023201502391445382,0.0487769584878807,8.845287259896725,-0.022949836346897717,0.04991962144893431,0.0,0.0,0.0,0.0,0.0,0.0,0.0
-118,pedestrian,4,1,73,196.440079,0.033462,-29.243844223284484,-0.02168493946135781,0.04549688790262715,8.844574071731634,-0.02139564495274554,0.04662574182456528,0.0,0.0,0.0,0.0,0.0,0.0,0.0
-118,pedestrian,4,1,74,196.47356399999998,0.033485,-29.244519904160967,-0.02027042629452531,0.042435395004974945,8.843909273494662,-0.019943947109168768,0.04355093530730319,0.0,0.0,0.0,0.0,0.0,0.0,0.0
-118,pedestrian,4,1,75,196.507048,0.033484,-29.245151617097598,-0.018951388098909797,0.03957114586846549,8.843289683656225,-0.018587695153103562,0.040687558681956164,0.0,0.0,0.0,0.0,0.0,0.0,0.0
-118,pedestrian,4,1,76,196.540505,0.033457,-29.245742322802414,-0.01772117114448262,0.03690650863281524,8.842712327278717,-0.017320691325245583,0.03801011483573937,0.0,0.0,0.0,0.0,0.0,0.0,0.0
-118,pedestrian,4,1,77,196.57398799999999,0.033483,-29.246294791671122,-0.01657406606122229,0.034413152497809935,8.842174434883317,-0.016136771861972474,0.03551758389819326,0.0,0.0,0.0,0.0,0.0,0.0,0.0
-118,pedestrian,4,1,78,196.60745,0.033462,-29.246811610617197,-0.015504568382288992,0.03208493036799893,8.84167342180657,-0.015030392302417955,0.03319138678663554,0.0,0.0,0.0,0.0,0.0,0.0,0.0
-118,pedestrian,4,1,79,196.640905,0.033455,-29.247295190134853,-0.014507385529655106,0.02991548557901657,8.841206877175233,-0.01399633894010115,0.03102160086950417,0.0,0.0,0.0,0.0,0.0,0.0,0.0
-118,pedestrian,4,1,80,196.674361,0.033456,-29.247747776824543,-0.013577600690656277,0.027893545169964853,8.840772548412945,-0.013029862868638687,0.02899428214387392,0.0,0.0,0.0,0.0,0.0,0.0,0.0
