id,agent_type,type,sim_state,tick_count,sim_time,delta_time,x,x_vel,x_acc,y,y_vel,y_acc,s,s_vel,s_acc,d,d_vel,d_acc,yaw
192,pedestrian,1,2,1,169.335833,0.0,-28.68953589873854,0.6061438963446072,0,16.702283366583288,1.817681192399249,0,0.0,0.0,0.0,0.0,0.0,0.0,283.99226073454383
192,pedestrian,1,2,2,169.372857,0.037024,-28.678439905148558,0.2668994122217711,0,16.635707409585088,1.8852464586907622,0,0.0,0.0,0.0,0.0,0.0,0.0,284.1738835647824
192,pedestrian,1,2,3,169.406324,0.033467,-28.66728390636793,-0.27173439143111466,0,16.574401391915163,1.8870397796774536,0,0.0,0.0,0.0,0.0,0.0,0.0,284.4572319723365
192,pedestrian,1,2,4,169.439791,0.033467,-28.648379666383047,-0.5696166108914333,0,16.505345975566637,1.8160967948035125,0,0.0,0.0,0.0,0.0,0.0,0.0,284.61814522052555
192,pedestrian,1,2,5,169.473219,0.033428,-28.63836138572365,-0.8516071517221001,0,16.44406177118238,1.6989400376549026,0,0.0,0.0,0.0,0.0,0.0,0.0,284.7788666905161
192,pedestrian,1,2,6,169.506655,0.033436,-28.62714544171082,-1.1128446481992542,0,16.375111994390185,1.5366991266849692,0,0.0,0.0,0.0,0.0,0.0,0.0,284.94099683026036
192,pedestrian,1,2,7,169.540083,0.033428,-28.608322124398423,-1.3578599773738154,0,16.315000723373153,1.321477840815056,0,0.0,0.0,0.0,0.0,0.0,0.0,285.1132029409554
192,pedestrian,1,2,8,169.57353,0.033447,-28.598298148898497,-1.5622980635388544,0,16.25485687025264,1.0677257224386705,0,0.0,0.0,0.0,0.0,0.0,0.0,285.2855023928726
192,pedestrian,1,2,9,169.606966,0.033436,-28.58701896461256,-1.720853056698432,0,16.193474099744567,0.7805909300477016,0,0.0,0.0,0.0,0.0,0.0,0.0,285.45918792410345
192,pedestrian,1,2,10,169.640445,0.033479,-28.568243603696803,-1.8326110219020177,0,16.124529598575926,0.45212824427007786,0,0.0,0.0,0.0,0.0,0.0,0.0,285.6431546445269
192,pedestrian,1,2,11,169.67388,0.033435,-28.558223224022097,-1.8823883716644998,0,16.064407322608062,0.10820260818041574,0,0.0,0.0,0.0,0.0,0.0,0.0,285.8276268953462
192,pedestrian,1,2,12,169.707312,0.033432,-28.54687150913237,-1.867407878586992,0,16.00429020195321,-0.24799230653837132,0,0.0,0.0,0.0,0.0,0.0,0.0,286.01707204896684
192,pedestrian,1,2,13,169.74075000000002,0.033438,-28.52818216613843,-1.7851361767854437,0,15.944160970385143,-0.5960921044658514,0,0.0,0.0,0.0,0.0,0.0,0.0,286.2073309904286
192,pedestrian,1,2,14,169.774192,0.033442,-28.518159689004968,-1.6623714104637888,0,15.884026107685381,-0.8884701843652073,0,0.0,0.0,0.0,0.0,0.0,0.0,286.3757651622881
192,pedestrian,1,2,15,169.80762900000002,0.033437,-28.5067414369539,-1.6320600217717836,0,15.823899983176661,-0.9316939450004056,0,0.0,0.0,0.0,0.0,0.0,0.0,286.4037845603076
192,pedestrian,1,2,16,169.84106,0.033431,-28.488119230168735,-1.4123306941416647,0,15.763783352753878,-1.2377515893797941,0,0.0,0.0,0.0,0.0,0.0,0.0,286.604709598009
192,pedestrian,1,2,17,169.87449,0.03343,-28.4766647988667,-1.132051968805935,0,15.703670066783465,-1.4933354932319236,0,0.0,0.0,0.0,0.0,0.0,0.0,286.8072684747047
192,pedestrian,1,2,18,169.90792000000002,0.03343,-28.45808142392292,-0.7918758667121036,0,15.643556520071167,-1.6949139598121838,0,0.0,0.0,0.0,0.0,0.0,0.0,287.0188306955411
192,pedestrian,1,2,19,169.94135,0.03343,-28.446588674625737,-0.42333503287059904,0,15.583441698257644,-1.8183045653943124,0,0.0,0.0,0.0,0.0,0.0,0.0,287.22717886608456
192,pedestrian,1,2,20,169.974783,0.033433,-28.428042506429758,-0.01972560336150707,0,15.523323018117916,-1.8639640131670772,0,0.0,0.0,0.0,0.0,0.0,0.0,287.4453334867143
192,pedestrian,1,2,21,170.008185,0.033402,-28.41652804679049,0.384824201546749,0,15.46325980942371,-1.821294511811755,0,0.0,0.0,0.0,0.0,0.0,0.0,287.6641484959044
192,pedestrian,1,2,22,170.041593,0.033408,-28.39801943032243,0.7786685666888435,0,15.403184557337777,-1.6890502643064702,0,0.0,0.0,0.0,0.0,0.0,0.0,287.8878822962303
192,pedestrian,1,2,23,170.075004,0.033411,-28.38647658917439,1.1345300911961091,0,15.343105437516924,-1.4721585815196632,0,0.0,0.0,0.0,0.0,0.0,0.0,288.1125069251804
192,pedestrian,1,2,24,170.10841200000002,0.033408,-28.36645192147888,1.4401162680652793,0,15.283031434179572,-1.173792285115243,0,0.0,0.0,0.0,0.0,0.0,0.0,288.34285620769697
192,pedestrian,1,2,25,170.14196800000002,0.033556,-28.34793701366223,1.6497368770802179,0,15.222690056302293,-0.8693374166078591,0,0.0,0.0,0.0,0.0,0.0,0.0,288.54154562788256
192,pedestrian,1,2,26,170.184244,0.042276,-28.330998122074586,1.7177714220749862,0,15.146670036631185,-0.6955559281182999,0,0.0,0.0,0.0,0.0,0.0,0.0,288.64182723671405
192,pedestrian,1,2,27,170.217801,0.033557,-28.31088397780029,1.834256287704386,0,15.086327603029178,-0.26969876654614827,0,0.0,0.0,0.0,0.0,0.0,0.0,288.8805592224737
192,pedestrian,1,2,28,170.251268,0.033467,-28.290823698409106,1.847456346011281,0,15.026146764882924,0.1767860859506055,0,0.0,0.0,0.0,0.0,0.0,0.0,289.1219267869483
192,pedestrian,1,2,29,170.284759,0.033491,-28.275142636749212,1.7517302137624777,0,14.965923789973173,0.618616329434201,0,0.0,0.0,0.0,0.0,0.0,0.0,289.3659805011033
192,pedestrian,1,2,30,170.31820100000002,0.033442,-28.260704154589096,1.546764059506118,0,14.91020400488755,1.0332960822586916,0,0.0,0.0,0.0,0.0,0.0,0.0,289.6154394994478
192,pedestrian,1,2,31,170.35163300000002,0.033432,-28.240664858731144,1.2417953422901906,0,14.855670246237196,1.389761748661164,0,0.0,0.0,0.0,0.0,0.0,0.0,289.86803625011925
192,pedestrian,1,2,32,170.38504500000002,0.033412,-28.22063788544988,1.0458384898127442,0,14.795589328271099,1.5653629340395394,0,0.0,0.0,0.0,0.0,0.0,0.0,290.0083175834175
192,pedestrian,1,2,33,170.418452,0.033407,-28.20061364191337,0.7375650347814944,0,14.73551659965217,1.6965025516544696,0,0.0,0.0,0.0,0.0,0.0,0.0,290.18724025159355
192,pedestrian,1,2,34,170.451916,0.033464,-28.180555169103055,0.13023959360528894,0,14.675341179822013,1.8717940567474554,0,0.0,0.0,0.0,0.0,0.0,0.0,290.52773635590336
192,pedestrian,1,2,35,170.485352,0.033436,-28.16051381110675,-0.4809716414260544,0,14.615217104614832,1.7952297677585471,0,0.0,0.0,0.0,0.0,0.0,0.0,290.85904254273095
192,pedestrian,1,2,36,170.518786,0.033434,-28.135942120674837,-1.1746598186999768,0,14.555095810971602,1.4439002759863349,0,0.0,0.0,0.0,0.0,0.0,0.0,291.2801947664189
192,pedestrian,1,2,37,170.55219400000001,0.033408,-28.11044847684461,-1.591684385545163,0,14.495021101532089,1.0485169963605965,0,0.0,0.0,0.0,0.0,0.0,0.0,291.585487157502
192,pedestrian,1,2,38,170.585634,0.03344,-28.090404720586353,-1.791142096587256,0,14.43488983401473,0.5475238474381818,0,0.0,0.0,0.0,0.0,0.0,0.0,291.87131869363606
192,pedestrian,1,2,39,170.620845,0.035211,-28.069299130545513,-1.8518804606282273,0,14.371573064030496,-0.32223792408337104,0,0.0,0.0,0.0,0.0,0.0,0.0,292.3398168956982
192,pedestrian,1,2,40,170.654333,0.033488,-28.04407151762785,-1.5315014907597688,0,14.311354605862544,-1.1022466509818716,0,0.0,0.0,0.0,0.0,0.0,0.0,292.7913046292507
192,pedestrian,1,2,41,170.68776400000002,0.033431,-28.01918795018864,-0.8867898832386929,0,14.256413495806155,-1.6727826370010597,0,0.0,0.0,0.0,0.0,0.0,0.0,293.2507384107184
192,pedestrian,1,2,42,170.721195,0.033431,-27.993955967420053,-0.33276459260910257,0,14.201123504654275,-1.9186906552189753,0,0.0,0.0,0.0,0.0,0.0,0.0,293.56695422468624
192,pedestrian,1,2,43,170.754617,0.033422,-27.969116023185137,0.30810842252494947,0,14.141023739652296,-1.8850516590364226,0,0.0,0.0,0.0,0.0,0.0,0.0,293.9000903495812
192,pedestrian,1,2,44,170.788055,0.033438,-27.943842249195882,1.1487052846635766,0,14.080896068605652,-1.5375420495554981,0,0.0,0.0,0.0,0.0,0.0,0.0,294.3796544958522
192,pedestrian,1,2,45,170.821492,0.033437,-27.913778840165808,1.740838783561727,0,14.020769251633304,-0.8340586053194756,0,0.0,0.0,0.0,0.0,0.0,0.0,294.8619562975149
192,pedestrian,1,2,46,170.85493,0.033438,-27.888988351125462,1.8629267504628533,0,13.960640726344163,0.27240588473591903,0,0.0,0.0,0.0,0.0,0.0,0.0,295.45305118184564
192,pedestrian,1,2,47,170.888362,0.033432,-27.863656136590055,1.6837955100218116,0,13.900523843872364,1.0833806202514038,0,0.0,0.0,0.0,0.0,0.0,0.0,295.8811181555455
192,pedestrian,1,2,48,170.921798,0.033436,-27.83359362186002,1.1745305877845298,0,13.840398814578451,1.5721097308273397,0,0.0,0.0,0.0,0.0,0.0,0.0,296.23770152806657
192,pedestrian,1,2,49,170.955231,0.033433,-27.803533860848713,0.27361992096834475,0,13.780279291626124,1.9550927844589747,0,0.0,0.0,0.0,0.0,0.0,0.0,296.740223955542
