id,agent_type,type,sim_state,tick_count,sim_time,delta_time,x,x_vel,x_acc,y,y_vel,y_acc,s,s_vel,s_acc,d,d_vel,d_acc,yaw
-303,pedestrian,4,1,1,278.444833,0.0,-4.189175288881718,0.6108183102333006,1.1384032385480374,27.03877386040815,-1.6052852031355864,0.711762784998921,0.0,0.0,0.0,0.0,0.0,0.0,0.0
-303,pedestrian,4,1,2,278.478277,0.033444,-4.167567177038501,0.6482433552965018,1.1227513518960373,26.986063983164986,-1.5812963172948606,0.7196665752217764,0.0,0.0,0.0,0.0,0.0,0.0,0.0
-303,pedestrian,4,1,3,278.511727,0.03345,-4.144725664351968,0.6852453805959767,1.1100607589842475,26.93416709507661,-1.5569066426512423,0.7316902393085492,0.0,0.0,0.0,0.0,0.0,0.0,0.0
-303,pedestrian,4,1,4,278.54519300000004,0.033466,-4.120661368035085,0.7219288895064934,1.1005052673154985,26.88310181981399,-1.531958257878612,0.7484515431789097,0.0,0.0,0.0,0.0,0.0,0.0,0.0
-303,pedestrian,4,1,5,278.578587,0.033394,-4.0953811762935075,0.7584057522473394,1.0943058822253813,26.832892964814068,-1.5062656499977178,0.7707782364268215,0.0,0.0,0.0,0.0,0.0,0.0,0.0
-303,pedestrian,4,1,6,278.61201700000004,0.03343,-4.0688879442836425,0.7947969602959435,1.0917362414581238,26.783572762112023,-1.4796060810613756,0.7997870680902703,0.0,0.0,0.0,0.0,0.0,0.0,0.0
-303,pedestrian,4,1,7,278.645445,0.033428,-4.041180128737371,0.8312344663881432,1.0931251827659936,26.735182561342842,-1.4517060230753804,0.8370017395798519,0.0,0.0,0.0,0.0,0.0,0.0,0.0
-303,pedestrian,4,1,8,278.678875,0.03343,-4.012251368279225,0.8678628137443716,1.0988504206868484,26.687775174402752,-1.4222216082027075,0.884532446180187,0.0,0.0,0.0,0.0,0.0,0.0,0.0
-303,pedestrian,4,1,9,278.712302,0.033427,-3.985251190301927,0.8100053393189415,-1.7357242327629046,26.643528282019833,-1.327406771487601,2.8444451014531937,0.0,0.0,0.0,0.0,0.0,0.0,0.0
-303,pedestrian,4,1,10,278.745734,0.033432,-3.9600510226074217,0.7560050308351554,-1.6200092545135845,26.60223118464693,-1.2389129211870917,2.6548155090152803,0.0,0.0,0.0,0.0,0.0,0.0,0.0
-303,pedestrian,4,1,11,278.77921000000003,0.033476,-3.936530864501534,0.7056047431766272,-1.5120086297558433,26.56368722937777,-1.156318658074754,2.4778278933701325,0.0,0.0,0.0,0.0,0.0,0.0,0.0
-303,pedestrian,4,1,12,278.812659,0.033449,-3.9145787153025777,0.6585644759686955,-1.411208016237952,26.527712873602944,-1.0792306732447663,2.3126395448996293,0.0,0.0,0.0,0.0,0.0,0.0,0.0
-303,pedestrian,4,1,13,278.846095,0.033436,-3.894090041034944,0.6146602280290051,-1.3171274381907103,26.494136810976503,-1.0072818787931936,2.1584638335471826,0.0,0.0,0.0,0.0,0.0,0.0,0.0
-303,pedestrian,4,1,14,278.87953300000004,0.033438,-3.8749672766186736,0.5736829324881216,-1.2293188662265035,26.46279915576516,-0.9401296563402609,2.014566673587982,0.0,0.0,0.0,0.0,0.0,0.0,0.0
-303,pedestrian,4,1,15,278.91297000000003,0.033437,-3.857119361240823,0.535437461335516,-1.1473641345781702,26.43355068160701,-0.8774542247446057,1.8802629478696575,0.0,0.0,0.0,0.0,0.0,0.0,0.0
-303,pedestrian,4,1,16,278.946412,0.033442,-3.8404613046816176,0.4997416967761628,-1.0708729367805945,26.406252111022546,-0.8189571175338701,1.754913216322067,0.0,0.0,0.0,0.0,0.0,0.0,0.0
-303,pedestrian,4,1,17,278.979842,0.03343,-3.8249137824787938,0.46642566608471997,-0.9994809207432847,26.380773452500218,-0.7643597556697985,1.6379208559221485,0.0,0.0,0.0,0.0,0.0,0.0,0.0
-303,pedestrian,4,1,18,279.013251,0.033409,-3.8104027580689843,0.4353307322942857,-0.9328480137130277,26.356993381742235,-0.7134021227394747,1.528728987909715,0.0,0.0,0.0,0.0,0.0,0.0,0.0
-303,pedestrian,4,1,19,279.046699,0.033448,-3.7968591299024568,0.40630884499582115,-0.8706566189539368,26.334798664614528,-0.665841513831167,1.4268182672492307,0.0,0.0,0.0,0.0,0.0,0.0,0.0
-303,pedestrian,4,1,20,279.080132,0.033433,-3.7842184020981553,0.3792218341290453,-0.8126103260032747,26.314083618173708,-0.6214513932245843,1.331703618197481,0.0,0.0,0.0,0.0,0.0,0.0,0.0
-303,pedestrian,4,1,21,279.113566,0.033434,-3.7724203765442934,0.3539407666158521,-0.7584320253957958,26.29474960875312,-0.5800202826177159,1.2429333182060542,0.0,0.0,0.0,0.0,0.0,0.0,0.0
-303,pedestrian,4,1,22,279.14698400000003,0.033418,-3.7614088654841034,0.33034533180569603,-0.7078630443046832,26.27670458274181,-0.5413507803391856,1.160085068355907,0.0,0.0,0.0,0.0,0.0,0.0,0.0
-303,pedestrian,4,1,23,279.18039600000003,0.033412,-3.751131422869047,0.3083232784516961,-0.6606616006199976,26.259862629085006,-0.5052586097041194,1.0827651190519878,0.0,0.0,0.0,0.0,0.0,0.0,0.0
-303,pedestrian,4,1,24,279.21380600000003,0.03341,-3.741539093797034,0.28776987216038286,-0.6166021887393969,26.244143569841608,-0.47157177730195743,1.0106049720648584,0.0,0.0,0.0,0.0,0.0,0.0,0.0
-303,pedestrian,4,1,25,279.247233,0.033427,-3.732586179156913,0.2685874392036408,-0.5754729887022614,26.22947258013383,-0.44012969123333173,0.9432625820587716,0.0,0.0,0.0,0.0,0.0,0.0,0.0
-303,pedestrian,4,1,26,279.280638,0.033405,-3.72423001723023,0.25068485780048355,-0.5370774420947184,26.21577983021886,-0.4107824974490604,0.8804158135281387,0.0,0.0,0.0,0.0,0.0,0.0,0.0
-303,pedestrian,4,1,27,279.314045,0.033407,-3.716430779995879,0.23397711703053037,-0.5012322230985958,26.2030001509669,-0.38339037755880523,0.821763596707656,0.0,0.0,0.0,0.0,0.0,0.0,0.0
-303,pedestrian,4,1,28,279.347507,0.033462,-3.7091512840138936,0.21838487945955706,-0.4677671271291995,26.191072720224128,-0.3578229222831688,0.7670236582690925,0.0,0.0,0.0,0.0,0.0,0.0,0.0
-303,pedestrian,4,1,29,279.380912,0.033405,-3.702356817660864,0.2038339905908961,-0.4365266660598285,26.179940765982874,-0.33395862723756903,0.7159288513679936,0.0,0.0,0.0,0.0,0.0,0.0,0.0
-303,pedestrian,4,1,30,279.414378,0.033466,-3.6960149796618045,0.19025513997178709,-0.4073655185732707,26.16955129328236,-0.31168418101538237,0.6682333866655995,0.0,0.0,0.0,0.0,0.0,0.0,0.0
-303,pedestrian,4,1,31,279.447827,0.033449,-3.6900955295994664,0.1775835018701358,-0.3801491430495387,26.159854827853533,-0.29089396286487756,0.6237065445151444,0.0,0.0,0.0,0.0,0.0,0.0,0.0
-303,pedestrian,4,1,32,279.48127600000004,0.033449,-3.6845702605216446,0.16575807233465709,-0.3547628860643613,26.150805168231624,-0.2714897886572085,0.5821252262300718,0.0,0.0,0.0,0.0,0.0,0.0,0.0
-303,pedestrian,4,1,33,279.514683,0.033407,-3.679412898202641,0.15472086957010936,-0.331116082936432,26.14235914984906,-0.25338055147687133,0.5432771154101155,0.0,0.0,0.0,0.0,0.0,0.0,0.0
-303,pedestrian,4,1,34,279.548117,0.033434,-3.6745989469718725,0.14441853692305195,-0.30906997941172243,26.13447647197424,-0.23648033624468418,0.5070064569656145,0.0,0.0,0.0,0.0,0.0,0.0,0.0
-303,pedestrian,4,1,35,279.58155200000004,0.033435,-3.6701055838909755,0.13480089242691606,-0.2885293348840764,26.127119505467927,-0.2207089951892826,0.4731402316620471,0.0,0.0,0.0,0.0,0.0,0.0,0.0
-303,pedestrian,4,1,36,279.61526100000003,0.033709,-3.665911491336436,0.12582277663619065,-0.2693434737217627,26.12025315062345,-0.20599064533427144,0.441550495650335,0.0,0.0,0.0,0.0,0.0,0.0,0.0
-303,pedestrian,4,1,37,279.648698,0.033437,-3.6619967406273153,0.11744252127361773,-0.2514076608771877,26.11384467136206,-0.19225437784170873,0.4120880247768816,0.0,0.0,0.0,0.0,0.0,0.0,0.0
-303,pedestrian,4,1,38,279.682135,0.033437,-3.6583427404974076,0.10962000389723238,-0.23467552129156063,26.107863514577748,-0.1794347035293619,0.3845902293704054,0.0,0.0,0.0,0.0,0.0,0.0,0.0
-303,pedestrian,4,1,39,279.715569,0.033434,-3.65493214092186,0.10231798726642372,-0.2190604989242598,26.10228116835682,-0.16747038662775626,0.3589295070481688,0.0,0.0,0.0,0.0,0.0,0.0,0.0
-303,pedestrian,4,1,40,279.749011,0.033442,-3.651748748976405,0.09550175836365228,-0.20448686708314295,26.097071025746587,-0.15630427830706878,0.33498324962062437,0.0,0.0,0.0,0.0,0.0,0.0,0.0
-303,pedestrian,4,1,41,279.782442,0.033431,-3.64877758138847,0.08913502763804529,-0.19100192176820963,26.092208228251444,-0.1458839248543134,0.3126106035826618,0.0,0.0,0.0,0.0,0.0,0.0,0.0
-303,pedestrian,4,1,42,279.815881,0.033439,-3.646004489862912,0.08319274576674925,-0.1782684561388814,26.08766961953503,-0.13615826149239155,0.2917699008576555,0.0,0.0,0.0,0.0,0.0,0.0,0.0
-303,pedestrian,4,1,43,279.849313,0.033432,-3.6434162693245677,0.07764661615032403,-0.16638388849275634,26.08343358701643,-0.12708097555803682,0.2723185780306415,0.0,0.0,0.0,0.0,0.0,0.0,0.0
-303,pedestrian,4,1,44,279.882741,0.033428,-3.6410005950356887,0.07247022866637237,-0.15529162451854994,26.079479958954884,-0.11860884184632967,0.2541640113512145,0.0,0.0,0.0,0.0,0.0,0.0,0.0
-303,pedestrian,4,1,45,279.916171,0.03343,-3.6387459638974216,0.06763893414801325,-0.14493883555077364,26.075789908407028,-0.11070151643563986,0.2372197623206941,0.0,0.0,0.0,0.0,0.0,0.0,0.0
-303,pedestrian,4,1,46,279.949593,0.033422,-3.6366416396979613,0.06312972598380721,-0.13527624492618126,26.0723458635402,-0.10332134600482819,0.22140511292435022,0.0,0.0,0.0,0.0,0.0,0.0,0.0
-303,pedestrian,4,1,47,279.984074,0.034481,-3.6346776019880083,0.05892113129859362,-0.12625784055640793,26.069131423960744,-0.09643318738366626,0.2066447586348581,0.0,0.0,0.0,0.0,0.0,0.0,0.0
-303,pedestrian,4,1,48,280.017542,0.033468,-3.6328444983318464,0.054993109684858675,-0.11784064841204825,26.066131282652616,-0.09000423924387385,0.1928684441937723,0.0,0.0,0.0,0.0,0.0,0.0,0.0
-303,pedestrian,4,1,49,280.05098200000003,0.03344,-3.6311335997896825,0.05132695626491911,-0.109984602598187,26.063331153067303,-0.08400388755939113,0.1800105505344816,0.0,0.0,0.0,0.0,0.0,0.0,0.0
-303,pedestrian,4,1,50,280.084802,0.03382,-3.6295367593512395,0.04790521315328621,-0.10265229334898678,26.060717701092695,-0.07840355923825823,0.16800984963398702,0.0,0.0,0.0,0.0,0.0,0.0,0.0
-303,pedestrian,4,1,51,280.11823200000003,0.03343,-3.6280463731432455,0.044711586239825164,-0.09580880740383141,26.058278481554275,-0.073176586152572,0.15680919257058712,0.0,0.0,0.0,0.0,0.0,0.0,0.0
-303,pedestrian,4,1,52,280.15166300000004,0.033431,-3.62665534422829,0.041730867448673416,-0.08942156373455255,26.056001878944524,-0.06829807829252962,0.14635523580127138,0.0,0.0,0.0,0.0,0.0,0.0,0.0
-303,pedestrian,4,1,53,280.185093,0.03343,-3.6253570487737288,0.03894886363683243,-0.0834601143552297,26.053877052152863,-0.06374480374980582,0.136598236281714,0.0,0.0,0.0,0.0,0.0,0.0,0.0
-303,pedestrian,4,1,54,280.218526,0.033433,-3.624145304546946,0.03635232680349205,-0.07789610500021137,26.051893882793923,-0.05949508076820712,0.1274916894479608,0.0,0.0,0.0,0.0,0.0,0.0,0.0
-303,pedestrian,4,1,55,280.251956,0.03343,-3.6230143414643816,0.03392889247692747,-0.07270302979693731,26.05004292704155,-0.05552867257127703,0.11899224590790275,0.0,0.0,0.0,0.0,0.0,0.0,0.0
-303,pedestrian,4,1,56,280.28540200000003,0.033446,-3.6219587741149684,0.03166702048239693,-0.06785615983591611,26.048315370658365,-0.05182669149550763,0.1110594322730819,0.0,0.0,0.0,0.0,0.0,0.0,0.0
-303,pedestrian,4,1,57,280.31885600000004,0.033454,-3.62097357611843,0.029555939896143746,-0.06333241758759561,26.04670298702031,-0.04837150914157992,0.10365547061783115,0.0,0.0,0.0,0.0,0.0,0.0,0.0
-303,pedestrian,4,1,58,280.352722,0.033866,-3.6200540561993453,0.02758559757253956,-0.059110269708125586,26.04519809793287,-0.04514667262320949,0.09674509555111299,0.0,0.0,0.0,0.0,0.0,0.0,0.0
-303,pedestrian,4,1,59,280.386158,0.033436,-3.6191958358192724,0.02574661140218109,-0.055169585110754135,26.04379353710056,-0.042136824969388496,0.09029542961462976,0.0,0.0,0.0,0.0,0.0,0.0,0.0
-303,pedestrian,4,1,60,280.41956300000004,0.033405,-3.6183948283433494,0.02403022427769273,-0.05149161373465084,26.042482615985243,-0.03932763345947379,0.08427574529744107,0.0,0.0,0.0,0.0,0.0,0.0,0.0
-303,pedestrian,4,1,61,280.45299700000004,0.033434,-3.6176472195806015,0.022428262882434234,-0.048058841857754865,26.041259091958825,-0.03670572079254914,0.07865738000773961,0.0,0.0,0.0,0.0,0.0,0.0,0.0
-303,pedestrian,4,1,62,280.48643300000003,0.033436,-3.616949449621896,0.020933098761168632,-0.04485492363796809,26.040117138581017,-0.034258601334205774,0.07341358375030113,0.0,0.0,0.0,0.0,0.0,0.0,0.0
-303,pedestrian,4,1,63,280.51986500000004,0.033432,-3.61629819588933,0.019537611976983286,-0.041864603525560366,26.039051317863294,-0.03197462153166678,0.06851939407616973,0.0,0.0,0.0,0.0,0.0,0.0,0.0
-303,pedestrian,4,1,64,280.553312,0.033447,-3.6156903573158616,0.018235157204056263,-0.039073643187810654,26.038056554384937,-0.029842904350710665,0.06395151542868355,0.0,0.0,0.0,0.0,0.0,0.0,0.0
-303,pedestrian,4,1,65,280.586744,0.033432,-3.615123039581656,0.017019532026179153,-0.03646875533631328,26.037128111150867,-0.02785329702208457,0.059688219858782914,0.0,0.0,0.0,0.0,0.0,0.0,0.0
-303,pedestrian,4,1,66,280.620175,0.033431,-3.6145935413324732,0.0158849474754816,-0.03403753652092662,26.03626156707298,-0.02599632233663902,0.055709240563366486,0.0,0.0,0.0,0.0,0.0,0.0,0.0
-303,pedestrian,4,1,67,280.653589,0.033414,-3.614099341315121,0.014826000520564547,-0.031768408647511556,26.035452795978397,-0.02426313283752334,0.05199568497347046,0.0,0.0,0.0,0.0,0.0,0.0,0.0
-303,pedestrian,4,1,68,280.687137,0.033548,-3.613638086403838,0.013837647338490182,-0.029650595462230964,26.034697947054223,-0.02264546772526546,0.048529953367736293,0.0,0.0,0.0,0.0,0.0,0.0,0.0
-303,pedestrian,4,1,69,280.72101000000004,0.033873,-3.613207580398766,0.012915180152160819,-0.02767401558988091,26.033993426696714,-0.021135610725309072,0.04529570999869168,0.0,0.0,0.0,0.0,0.0,0.0,0.0
-303,pedestrian,4,1,70,280.75444100000004,0.033431,-3.6128057735449026,0.01205420561589962,-0.025829236087835983,26.033335881679733,-0.019726350509484073,0.04227780647474997,0.0,0.0,0.0,0.0,0.0,0.0,0.0
-303,pedestrian,4,1,71,280.78787700000004,0.033436,-3.612430752789894,0.011250622650262538,-0.02410748896911246,26.03272218363472,-0.018410941350331715,0.03946227477457077,0.0,0.0,0.0,0.0,0.0,0.0,0.0
-303,pedestrian,4,1,72,280.82131200000003,0.033435,-3.6120807326647566,0.010500603754121058,-0.02250056688424441,26.032149414914013,-0.01718306162126546,0.03683639187198765,0.0,0.0,0.0,0.0,0.0,0.0,0.0
-303,pedestrian,4,1,73,280.85474300000004,0.033431,-3.6117540467180356,0.009800578401635476,-0.02100076057456747,26.031614856041216,-0.01603676618395701,0.03438886311925351,0.0,0.0,0.0,0.0,0.0,0.0,0.0
