id,agent_type,type,sim_state,tick_count,sim_time,delta_time,x,x_vel,x_acc,y,y_vel,y_acc,s,s_vel,s_acc,d,d_vel,d_acc,yaw
88,pedestrian,1,2,1,288.454833,0.0,8.738255194853991,0.7670989827719062,0,2.945987641811371,1.427091163324526,0,0.0,0.0,0.0,0.0,0.0,0.0,202.13951012215443
88,pedestrian,1,2,2,288.488854,0.034021,8.687275184397668,0.7586814954076238,0,2.925595638191286,1.4314205739529038,0,0.0,0.0,0.0,0.0,0.0,0.0,202.1453520010012
88,pedestrian,1,2,3,288.522313,0.033459,8.637137290753635,0.7503276718644573,0,2.905540480871518,1.435531394498097,0,0.0,0.0,0.0,0.0,0.0,0.0,202.15109738047124
88,pedestrian,1,2,4,288.555762,0.033449,8.587012949034552,0.7421066523597819,0,2.885490742213584,1.4393856622201702,0,0.0,0.0,0.0,0.0,0.0,0.0,202.15669885600838
88,pedestrian,1,2,5,288.589199,0.033437,8.536908055038145,0.7418367202680223,0,2.865448784130575,1.4388621035356923,0,0.0,0.0,0.0,0.0,0.0,0.0,202.15669885600838
88,pedestrian,1,2,6,288.622666,0.033467,8.486758161228959,0.7414900954954935,0,2.845388827143667,1.438189792182382,0,0.0,0.0,0.0,0.0,0.0,0.0,202.15669885600838
88,pedestrian,1,2,7,288.656114,0.033448,8.436635329599241,0.7410809351317239,0,2.825339694276481,1.4373961871671384,0,0.0,0.0,0.0,0.0,0.0,0.0,202.15669885600838
88,pedestrian,1,2,8,288.689568,0.033454,8.38650496160731,0.7409313883310066,0,2.8052875473608805,1.436399237378045,0,0.0,0.0,0.0,0.0,0.0,0.0,202.15649829416444
88,pedestrian,1,2,9,288.723052,0.033484,8.336329582153427,0.7486450960054541,0,2.7852173946930567,1.4310969801607487,0,0.0,0.0,0.0,0.0,0.0,0.0,202.15074861907283
88,pedestrian,1,2,10,288.75651,0.033458,8.286191778808321,0.7562380807557328,0,2.765162274778135,1.4256095245269556,0,0.0,0.0,0.0,0.0,0.0,0.0,202.1450032500551
88,pedestrian,1,2,11,288.78996,0.03345,8.236067403836966,0.7640654124509808,0,2.7451125244991315,1.4197418380448101,0,0.0,0.0,0.0,0.0,0.0,0.0,202.13900871754456
88,pedestrian,1,2,12,288.82344,0.03348,8.185898004502127,0.7802935231872162,0,2.7250447633616117,1.4089858697862603,0,0.0,0.0,0.0,0.0,0.0,0.0,202.1269705099649
88,pedestrian,1,2,13,288.856914,0.033474,8.135736238542922,0.8107977031935507,0,2.7049800582902868,1.3896333124042948,0,0.0,0.0,0.0,0.0,0.0,0.0,202.1045553522896
88,pedestrian,1,2,14,288.89034300000003,0.033429,8.085643332122537,0.8261450099088887,0,2.6844205230929243,1.3783764666927907,0,0.0,0.0,0.0,0.0,0.0,0.0,202.09277560652168
88,pedestrian,1,2,15,288.923815,0.033472,8.035485908229182,0.8487373561387546,0,2.6548799281356077,1.3622410326434657,0,0.0,0.0,0.0,0.0,0.0,0.0,202.0755327542554
88,pedestrian,1,2,16,288.95729,0.033475,7.9853226563655255,0.8709349217516995,0,2.6348146251847537,1.345601288915829,0,0.0,0.0,0.0,0.0,0.0,0.0,202.05828789848522
88,pedestrian,1,2,17,288.990765,0.033475,7.935160819752087,0.8925534807073693,0,2.614749891776618,1.3282189607378485,0,0.0,0.0,0.0,0.0,0.0,0.0,202.04104352932526
88,pedestrian,1,2,18,289.024239,0.033474,7.885000383803684,0.9141709040579382,0,2.5946857162359693,1.3099395637365352,0,0.0,0.0,0.0,0.0,0.0,0.0,202.02342666798825
88,pedestrian,1,2,19,289.057712,0.033473,7.8348401436955095,0.9422404243830121,0,2.5746216203521324,1.2861152162172076,0,0.0,0.0,0.0,0.0,0.0,0.0,202.00043490734234
88,pedestrian,1,2,20,289.091185,0.033473,7.784681304285345,0.9725759704070961,0,2.5545580833029087,1.2590416669453834,0,0.0,0.0,0.0,0.0,0.0,0.0,201.9749865628241
88,pedestrian,1,2,21,289.124657,0.033472,7.73452385119159,1.0385213597480873,0,2.534495103450951,1.2007608875980729,0,0.0,0.0,0.0,0.0,0.0,0.0,201.91964825778408
88,pedestrian,1,2,22,289.158145,0.033488,7.684341147338135,1.0700339283120508,0,2.514422022415074,1.1675964519347195,0,0.0,0.0,0.0,0.0,0.0,0.0,201.89089568661632
88,pedestrian,1,2,23,289.191617,0.033472,7.634183806751881,1.1008045860381437,0,2.494359085495049,1.1329064265574826,0,0.0,0.0,0.0,0.0,0.0,0.0,201.86169110037167
88,pedestrian,1,2,24,289.225089,0.033472,7.584026338890445,1.136082417751127,0,2.4742960979587254,1.09127401370013,0,0.0,0.0,0.0,0.0,0.0,0.0,201.8272053657637
88,pedestrian,1,2,25,289.25856,0.033471,7.533869123491532,1.169153210093102,0,2.4542332125863564,1.0490351365413935,0,0.0,0.0,0.0,0.0,0.0,0.0,201.79322241203977
88,pedestrian,1,2,26,289.29203,0.03347,7.4837147800224155,1.1962828136781296,0,2.4341714745401526,1.0107405644145266,0,0.0,0.0,0.0,0.0,0.0,0.0,201.76344550334144
88,pedestrian,1,2,27,289.32550100000003,0.033471,7.433558797167082,1.2317200997590148,0,2.414109081736549,0.95956359059044,0,0.0,0.0,0.0,0.0,0.0,0.0,201.7237515045713
88,pedestrian,1,2,28,289.358974,0.033473,7.384369918851944,1.2600699836875284,0,2.3940450038339867,0.9136201137265657,0,0.0,0.0,0.0,0.0,0.0,0.0,201.6892638933073
88,pedestrian,1,2,29,289.392444,0.03347,7.343244255382993,1.289834287365953,0,2.37398326420816,0.8614842700374556,0,0.0,0.0,0.0,0.0,0.0,0.0,201.65076082725795
88,pedestrian,1,2,30,289.42591600000003,0.033472,7.293086759088036,1.3436174456313879,0,2.353920267101736,0.7651677747444128,0,0.0,0.0,0.0,0.0,0.0,0.0,201.57959524775998
88,pedestrian,1,2,31,289.45939,0.033474,7.242925077760785,1.36834628191594,0,2.334921617984909,0.7089894208949061,0,0.0,0.0,0.0,0.0,0.0,0.0,201.53996929700466
88,pedestrian,1,2,32,289.492863,0.033473,7.1938640290601175,1.3876986165631158,0,2.323792057424318,0.6582888613367416,0,0.0,0.0,0.0,0.0,0.0,0.0,201.50485363120848
88,pedestrian,1,2,33,289.526335,0.033472,7.152608728285013,1.407897067513839,0,2.3037290535389694,0.600816314124202,0,0.0,0.0,0.0,0.0,0.0,0.0,201.46526727748153
88,pedestrian,1,2,34,289.55980900000003,0.033474,7.1024470607773456,1.4232278251592598,0,2.2836643855145256,0.549069312133621,0,0.0,0.0,0.0,0.0,0.0,0.0,201.43011309240538
88,pedestrian,1,2,35,289.593282,0.033473,7.053481616234473,1.4389598087302242,0,2.263600850846186,0.49070228686544765,0,0.0,0.0,0.0,0.0,0.0,0.0,201.39056239980656
88,pedestrian,1,2,36,289.626754,0.033472,7.0121306960693115,1.4504245438220513,0,2.243537840734493,0.43829638593247133,0,0.0,0.0,0.0,0.0,0.0,0.0,201.35537481036442
88,pedestrian,1,2,37,289.660227,0.033473,6.961970541615997,1.4617914410635087,0,2.223473780079533,0.37940181260763206,0,0.0,0.0,0.0,0.0,0.0,0.0,201.31585946634917
88,pedestrian,1,2,38,289.69370200000003,0.033475,6.913098003472035,1.4693775902646278,0,2.203409044975635,0.32660341471019944,0,0.0,0.0,0.0,0.0,0.0,0.0,201.28063201479924
88,pedestrian,1,2,39,289.727176,0.033474,6.8716481690940645,1.4767050167278304,0,2.183344830185154,0.2652491327331461,0,0.0,0.0,0.0,0.0,0.0,0.0,201.23963908728237
88,pedestrian,1,2,40,289.76065,0.033474,6.8214865308161,1.4826950454201744,0,2.1632801752198962,0.1964709701141767,0,0.0,0.0,0.0,0.0,0.0,0.0,201.1936542843787
88,pedestrian,1,2,41,289.79413900000003,0.033489,6.7726940111991905,1.4855936235312448,0,2.143207049396468,0.13006129377973552,0,0.0,0.0,0.0,0.0,0.0,0.0,201.1492432296282
88,pedestrian,1,2,42,289.827614,0.033475,6.731141665622818,1.48500560623521,0,2.1245649349979554,0.07611497613057652,0,0.0,0.0,0.0,0.0,0.0,0.0,201.11312404403193
88,pedestrian,1,2,43,289.861089,0.033475,6.682433874367357,1.4828416822929007,0,2.1130769811621333,0.00651421878760357,0,0.0,0.0,0.0,0.0,0.0,0.0,201.06630403859802
88,pedestrian,1,2,44,289.894563,0.033474,6.640818205673392,1.4779409842774252,0,2.0930128441383458,-0.06120417922028983,0,0.0,0.0,0.0,0.0,0.0,0.0,201.02053798940355
88,pedestrian,1,2,45,289.928035,0.033472,6.592179548501648,1.473408324895033,0,2.0729498177612036,-0.07799170951716886,0,0.0,0.0,0.0,0.0,0.0,0.0,201.00904272141673
88,pedestrian,1,2,46,289.96150900000004,0.033474,6.5504990280035615,1.4688525096499492,0,2.052885173844489,-0.09469528708334046,0,0.0,0.0,0.0,0.0,0.0,0.0,200.99754652747373
88,pedestrian,1,2,47,289.994982,0.033473,6.501923189186447,1.4641623850484025,0,2.032821638464184,-0.11264092624240081,0,0.0,0.0,0.0,0.0,0.0,0.0,200.98514397536337
88,pedestrian,1,2,48,290.028455,0.033473,6.460181106337318,1.4589488251468319,0,2.0143728235849085,-0.13622306373690296,0,0.0,0.0,0.0,0.0,0.0,0.0,200.96882577556312
88,pedestrian,1,2,49,290.061928,0.033473,6.411667848315203,1.4540673313339947,0,2.002693967307385,-0.1540325253412284,0,0.0,0.0,0.0,0.0,0.0,0.0,200.9563863604199
88,pedestrian,1,2,50,290.095401,0.033473,6.369862171368201,1.4482402855591412,0,1.9826304323923358,-0.17871665067103704,0,0.0,0.0,0.0,0.0,0.0,0.0,200.93914302154343
88,pedestrian,1,2,51,290.128873,0.033472,6.321414698694455,1.4426481743576312,0,1.9625673925119382,-0.19902132414553073,0,0.0,0.0,0.0,0.0,0.0,0.0,200.92483959647709
88,pedestrian,1,2,52,290.162347,0.033474,6.279542994159586,1.439151041494209,0,1.9425027614560681,-0.20292578058093094,0,0.0,0.0,0.0,0.0,0.0,0.0,200.9218445625026
88,pedestrian,1,2,53,290.19581900000003,0.033472,6.231159561463441,1.4326226645712896,0,1.9242137328489592,-0.2272629286804963,0,0.0,0.0,0.0,0.0,0.0,0.0,200.9046017387678
88,pedestrian,1,2,54,290.229293,0.033474,6.18922504361373,1.4257934067446265,0,1.9123755808554128,-0.2514564140561792,0,0.0,0.0,0.0,0.0,0.0,0.0,200.88735779171347
88,pedestrian,1,2,55,290.262767,0.033474,6.140901821765192,1.4186612316600116,0,1.8923109559509383,-0.2755028423024434,0,0.0,0.0,0.0,0.0,0.0,0.0,200.87011351558965
88,pedestrian,1,2,56,290.296241,0.033474,6.098903140386294,1.4112016805097087,0,1.872246819069829,-0.2993939094588727,0,0.0,0.0,0.0,0.0,0.0,0.0,200.8528696615714
88,pedestrian,1,2,57,290.329716,0.033475,6.050643854148235,1.4030278429594494,0,1.8540848060725699,-0.3246476191329233,0,0.0,0.0,0.0,0.0,0.0,0.0,200.83453495011545
88,pedestrian,1,2,58,290.36319000000003,0.033474,6.0085794669859185,1.3932996490607958,0,1.8421173477192507,-0.354690595712924,0,0.0,0.0,0.0,0.0,0.0,0.0,200.8126513453002
88,pedestrian,1,2,59,290.396661,0.033471,5.960389938087931,1.3842937897545176,0,1.822055011879208,-0.37960219583024346,0,0.0,0.0,0.0,0.0,0.0,0.0,200.7942824217601
88,pedestrian,1,2,60,290.43015,0.033489,5.918240507923587,1.3750335051993237,0,1.8039847033936853,-0.4044332995747592,0,0.0,0.0,0.0,0.0,0.0,0.0,200.77587056974306
88,pedestrian,1,2,61,290.463623,0.033473,5.8701154151747446,1.3710848374542899,0,1.7919177521181364,-0.4102209136983554,0,0.0,0.0,0.0,0.0,0.0,0.0,200.77120682001558
88,pedestrian,1,2,62,290.497096,0.033473,5.8279216309127,1.359372660247822,0,1.7718542163528133,-0.4410100873811881,0,0.0,0.0,0.0,0.0,0.0,0.0,200.74821570151357
88,pedestrian,1,2,63,290.530569,0.033473,5.779861021109685,1.3470551215944062,0,1.7538890968942893,-0.4715078461310082,0,0.0,0.0,0.0,0.0,0.0,0.0,200.72522443887192
88,pedestrian,1,2,64,290.564043,0.033474,5.737600955186504,1.3335184950493946,0,1.7417259443688053,-0.5033299350327903,0,0.0,0.0,0.0,0.0,0.0,0.0,200.701011204916
88,pedestrian,1,2,65,290.597517,0.033474,5.689603532021173,1.3169529384662486,0,1.7238247253309082,-0.5408052482491938,0,0.0,0.0,0.0,0.0,0.0,0.0,200.672271448219
88,pedestrian,1,2,66,290.630991,0.033474,5.647279949301911,1.2994383313344193,0,1.7115975423044376,-0.5777904346706517,0,0.0,0.0,0.0,0.0,0.0,0.0,200.6435315030617
88,pedestrian,1,2,67,290.664465,0.033474,5.599345793129662,1.280987511974123,0,1.6937602910701612,-0.6142651829803426,0,0.0,0.0,0.0,0.0,0.0,0.0,200.61479107625533
88,pedestrian,1,2,68,290.697894,0.033429,5.5570255365875285,1.2616361232014677,0,1.6814957770544892,-0.6501569419686972,0,0.0,0.0,0.0,0.0,0.0,0.0,200.58608995518745
88,pedestrian,1,2,69,290.73136800000003,0.033474,5.5091429244853725,1.2403803468615826,0,1.6614315055212285,-0.6871221524606891,0,0.0,0.0,0.0,0.0,0.0,0.0,200.55604476637401
88,pedestrian,1,2,70,290.764842,0.033474,5.469013728403359,1.2207528089939712,0,1.6436772738720025,-0.7192521577523153,0,0.0,0.0,0.0,0.0,0.0,0.0,200.52949871783682
88,pedestrian,1,2,71,290.798317,0.033475,5.426541524802158,1.2138053534453574,0,1.6313021734987354,-0.7283834155470682,0,0.0,0.0,0.0,0.0,0.0,0.0,200.5214449921476
88,pedestrian,1,2,72,290.831791,0.033474,5.378755702849888,1.1871843822356478,0,1.613612768454974,-0.7692953253547304,0,0.0,0.0,0.0,0.0,0.0,0.0,200.48695703943193
88,pedestrian,1,2,73,290.865265,0.033474,5.336219350063034,1.1579788793009813,0,1.6011733041005067,-0.8107718776737312,0,0.0,0.0,0.0,0.0,0.0,0.0,200.45108933968623
88,pedestrian,1,2,74,290.898743,0.033478,5.288493453565861,1.1248367000223487,0,1.5835472054388267,-0.8545332133406942,0,0.0,0.0,0.0,0.0,0.0,0.0,200.4122471386697
88,pedestrian,1,2,75,290.932217,0.033474,5.2458923094650425,1.0925788652465456,0,1.5710424866689583,-0.8936571138723873,0,0.0,0.0,0.0,0.0,0.0,0.0,200.37634249369336
88,pedestrian,1,2,76,290.965693,0.033476,5.198233317000669,1.0535843221153036,0,1.5534821701661967,-0.9376740717700829,0,0.0,0.0,0.0,0.0,0.0,0.0,200.33466799726187
88,pedestrian,1,2,77,290.999167,0.033474,5.155567509073412,1.008643858744431,0,1.5434501034766972,-0.9844060887648061,0,0.0,0.0,0.0,0.0,0.0,0.0,200.28868438654658
88,pedestrian,1,2,78,291.032641,0.033474,5.107976466986796,0.9616259858046089,0,1.5308482769434193,-1.028981050991962,0,0.0,0.0,0.0,0.0,0.0,0.0,200.2427004228312
88,pedestrian,1,2,79,291.06613,0.033489,5.067829324206481,0.9126388512305628,0,1.5133811721485788,-1.0713562921583506,0,0.0,0.0,0.0,0.0,0.0,0.0,200.19669518573588
88,pedestrian,1,2,80,291.099598,0.033468,5.025071509528058,0.8601248405739806,0,1.5007141670422244,-1.1126533220842625,0,0.0,0.0,0.0,0.0,0.0,0.0,200.14920907833
88,pedestrian,1,2,81,291.133073,0.033475,4.977578458061398,0.8009446230239446,0,1.4833184572116185,-1.1549321739296938,0,0.0,0.0,0.0,0.0,0.0,0.0,200.09747555834767
88,pedestrian,1,2,82,291.166546,0.033473,4.934749335422795,0.7397638649819896,0,1.4705852964457615,-1.1941760906306587,0,0.0,0.0,0.0,0.0,0.0,0.0,200.04574440879549
88,pedestrian,1,2,83,291.20002,0.033474,4.887322237194755,0.6767421218387327,0,1.4532544008672301,-1.2303183206081156,0,0.0,0.0,0.0,0.0,0.0,0.0,199.9940128467408
88,pedestrian,1,2,84,291.233494,0.033474,4.844428244271167,0.6099688401536799,0,1.4404568613265856,-1.2641219289279555,0,0.0,0.0,0.0,0.0,0.0,0.0,199.94069640560573
88,pedestrian,1,2,85,291.266968,0.033474,4.797064496260259,0.5570787467609871,0,1.4231899659597178,-1.2883770897577702,0,0.0,0.0,0.0,0.0,0.0,0.0,199.89924514319293
