id,agent_type,type,sim_state,tick_count,sim_time,delta_time,x,x_vel,x_acc,y,y_vel,y_acc,s,s_vel,s_acc,d,d_vel,d_acc,yaw
-89,pedestrian,4,1,1,288.621667,0.0,8.295552753640639,-1.5810732289965823,0.18513700538879216,4.417370008242594,-0.258529020474346,-0.5020928131605422,0.0,0.0,0.0,0.0,0.0,0.0,0.0
-89,pedestrian,4,1,2,288.655391,0.033724,8.242969649931084,-1.5774931112866546,0.10740353129782969,4.408406129639183,-0.2689163581023162,-0.3116201288391056,0.0,0.0,0.0,0.0,0.0,0.0,0.0
-89,pedestrian,4,1,3,288.68887,0.033479,8.190503171426384,-1.5739943551410023,0.10496268436956897,4.399100392794506,-0.2791721053403139,-0.30767241713993115,0.0,0.0,0.0,0.0,0.0,0.0,0.0
-89,pedestrian,4,1,4,288.722374,0.033504,8.138149207351338,-1.5706189222513791,0.10126298668869337,4.389457811919715,-0.28927742624373315,-0.3031596271025782,0.0,0.0,0.0,0.0,0.0,0.0,0.0
-89,pedestrian,4,1,5,288.755859,0.033485,8.085905829339636,-1.5673013403510827,0.09952745700888986,4.379482025556644,-0.2992735908921186,-0.2998849394515631,0.0,0.0,0.0,0.0,0.0,0.0,0.0
-89,pedestrian,4,1,6,288.789329,0.03347,8.033771403142406,-1.564032785916866,0.0980566330265072,4.369176407658868,-0.3091685369332999,-0.2968483812354385,0.0,0.0,0.0,0.0,0.0,0.0,0.0
-89,pedestrian,4,1,7,288.822778,0.033449,7.981989417273213,-1.553459576075803,0.3171962952318843,4.358011420325491,-0.3349496200012928,-0.7734324920397875,0.0,0.0,0.0,0.0,0.0,0.0,0.0
-89,pedestrian,4,1,8,288.856212,0.033434,7.9302965433618775,-1.5507862173400726,0.08020076207190896,4.346561473569487,-0.3434984026801264,-0.2564634803650067,0.0,0.0,0.0,0.0,0.0,0.0,0.0
-89,pedestrian,4,1,9,288.889684,0.033472,7.878691062270572,-1.5481644327391673,0.07865353802715974,4.334828245522327,-0.35199684141480103,-0.2549531620402395,0.0,0.0,0.0,0.0,0.0,0.0,0.0
-89,pedestrian,4,1,10,288.923156,0.033472,7.827173231402152,-1.5455349260525875,0.07888520059739336,4.322812197966959,-0.360481426661023,-0.2545375573866587,0.0,0.0,0.0,0.0,0.0,0.0,0.0
-89,pedestrian,4,1,11,288.956631,0.033475,7.775743582986454,-1.5428894524709422,0.07936420744935965,4.310512970321203,-0.36897682937269305,-0.2548620813501013,0.0,0.0,0.0,0.0,0.0,0.0,0.0
-89,pedestrian,4,1,12,288.990104,0.033473,7.724401322083563,-1.5402678270867276,0.07864876152643732,4.297931054967194,-0.3774574606202844,-0.2544189374277404,0.0,0.0,0.0,0.0,0.0,0.0,0.0
-89,pedestrian,4,1,13,289.023577,0.033473,7.673147530172077,-1.5376137573445754,0.0796220922645678,4.28506586150732,-0.38595580379620653,-0.25495029527766355,0.0,0.0,0.0,0.0,0.0,0.0,0.0
-89,pedestrian,4,1,14,289.057063,0.033486,7.621982763545473,-1.534942998798124,0.08012275639354167,4.271918388121856,-0.394424201563925,-0.2540519330315531,0.0,0.0,0.0,0.0,0.0,0.0,0.0
-89,pedestrian,4,1,15,289.090536,0.033473,7.570908650183032,-1.5322234008732265,0.08158793774692824,4.258486835406519,-0.40294658146011675,-0.25567139688575347,0.0,0.0,0.0,0.0,0.0,0.0,0.0
-89,pedestrian,4,1,16,289.124014,0.033478,7.519925736431273,-1.5294874125527822,0.08207964961333153,4.244769412989742,-0.4115226725033047,-0.2572827312956386,0.0,0.0,0.0,0.0,0.0,0.0,0.0
-89,pedestrian,4,1,17,289.15749,0.033476,7.469036430921553,-1.5266791652916196,0.08424741783487918,4.230763108361155,-0.42018913885760767,-0.25999399062908873,0.0,0.0,0.0,0.0,0.0,0.0,0.0
-89,pedestrian,4,1,18,289.190962,0.033472,7.418242169403437,-1.5238278455434606,0.08553959244477206,4.216464713859214,-0.4289518350582347,-0.26288088601881143,0.0,0.0,0.0,0.0,0.0,0.0,0.0
-89,pedestrian,4,1,19,289.224434,0.033472,7.367546330484057,-1.5208751675814083,0.0885803388615713,4.201869794313979,-0.4378475863570219,-0.2668725389636168,0.0,0.0,0.0,0.0,0.0,0.0,0.0
-89,pedestrian,4,1,20,289.257906,0.033472,7.316951874373121,-1.5178336833280757,0.09124452759997694,4.1869747923278515,-0.4468500595838402,-0.27007419680454814,0.0,0.0,0.0,0.0,0.0,0.0,0.0
-89,pedestrian,4,1,21,289.291379,0.033473,7.266463391186437,-1.514654495600518,0.0953756318267342,4.171773050806081,-0.456052245653109,-0.276065582078063,0.0,0.0,0.0,0.0,0.0,0.0,0.0
-89,pedestrian,4,1,22,289.324852,0.033473,7.216086067178044,-1.5113197202517692,0.10004326046246323,4.156256755659607,-0.465488854394239,-0.2830982622339005,0.0,0.0,0.0,0.0,0.0,0.0,0.0
-89,pedestrian,4,1,23,289.358324,0.033472,7.165824697695403,-1.507841084479215,0.10435907317662807,4.140417170092043,-0.47518756702692344,-0.29096137898053376,0.0,0.0,0.0,0.0,0.0,0.0,0.0
-89,pedestrian,4,1,24,289.391797,0.033473,7.115686768114554,-1.5041378874254667,0.11109591161244538,4.12424469766736,-0.4851741727404674,-0.29959817140632006,0.0,0.0,0.0,0.0,0.0,0.0,0.0
-89,pedestrian,4,1,25,289.42527,0.033473,7.065679250877752,-1.5002255171040824,0.11737110964153369,4.107726482561037,-0.4955464531897031,-0.31116841347706964,0.0,0.0,0.0,0.0,0.0,0.0,0.0
-89,pedestrian,4,1,26,289.45874200000003,0.033472,7.015812337836126,-1.4960073912487748,0.1265437756592298,4.090846994936507,-0.506384628735891,-0.32514526638563646,0.0,0.0,0.0,0.0,0.0,0.0,0.0
-89,pedestrian,4,1,27,289.492215,0.033473,6.966097311835074,-1.491450780031558,0.13669833651650273,4.073589142379209,-0.5177355767189609,-0.3405284394920972,0.0,0.0,0.0,0.0,0.0,0.0,0.0
-89,pedestrian,4,1,28,289.525688,0.033473,6.916549319231085,-1.4864397781196639,0.1503300573568191,4.055930539344442,-0.5297580910430157,-0.36067542972164734,0.0,0.0,0.0,0.0,0.0,0.0,0.0
-89,pedestrian,4,1,29,289.559161,0.033473,6.870220959543202,-1.389850790636482,2.8976696244954527,4.039584521715764,-0.49038052886032507,1.1813268654807207,0.0,0.0,0.0,0.0,0.0,0.0,0.0
-89,pedestrian,4,1,30,289.592656,0.033495,6.826896788937223,-1.2997251181793759,2.703770173713189,4.024462850847635,-0.4536501260438966,1.1019120844928536,0.0,0.0,0.0,0.0,0.0,0.0,0.0
-89,pedestrian,4,1,31,289.626139,0.033483,6.7863775720111335,-1.2155765077826701,2.5244583119011748,4.010484417368541,-0.41935300437279227,1.0289136501331293,0.0,0.0,0.0,0.0,0.0,0.0,0.0
-89,pedestrian,4,1,32,289.659647,0.033508,6.748477138219605,-1.1370130137458445,2.356904821104766,3.997572636597729,-0.3873534231243744,0.959987437452536,0.0,0.0,0.0,0.0,0.0,0.0,0.0
-89,pedestrian,4,1,33,289.69311,0.033463,6.713021309796872,-1.0636748526819804,2.2001448319159262,3.9856580429652673,-0.3574378089738535,0.8974684245156261,0.0,0.0,0.0,0.0,0.0,0.0,0.0
-89,pedestrian,4,1,34,289.726559,0.033449,6.6798491576123995,-0.9951645655341854,2.0553086144338493,3.9746757047323618,-0.32947014698716853,0.8390298596005502,0.0,0.0,0.0,0.0,0.0,0.0,0.0
-89,pedestrian,4,1,35,289.76003000000003,0.033471,6.648810520138749,-0.9311591242095058,1.920163239740389,3.9645652100877595,-0.30331483933806347,0.7846592294731518,0.0,0.0,0.0,0.0,0.0,0.0,0.0
-89,pedestrian,4,1,36,289.793503,0.033473,6.619764631343153,-0.8713766638678757,1.7934738102488998,3.9552706763242256,-0.27883601290601423,0.7343647929614773,0.0,0.0,0.0,0.0,0.0,0.0,0.0
-89,pedestrian,4,1,37,289.826975,0.033472,6.592581332898386,-0.8154989533429942,1.676331315746445,3.946738472516495,-0.2559661142319202,0.6860969602228194,0.0,0.0,0.0,0.0,0.0,0.0,0.0
-89,pedestrian,4,1,38,289.860448,0.033473,6.567139662929744,-0.7632500990592719,1.56746562851167,3.9389199711037657,-0.2345550423818812,0.6423321555011702,0.0,0.0,0.0,0.0,0.0,0.0,0.0
-89,pedestrian,4,1,39,289.893962,0.033514,6.543326231127101,-0.7144029540792949,1.4654143493993093,3.93177075370756,-0.21447652188616292,0.6023556148715485,0.0,0.0,0.0,0.0,0.0,0.0,0.0
-89,pedestrian,4,1,40,289.927405,0.033443,6.5210369110959725,-0.6686796009338523,1.37170059436328,3.925248384950347,-0.19567106271639448,0.5641637750930537,0.0,0.0,0.0,0.0,0.0,0.0,0.0
-89,pedestrian,4,1,41,289.960835,0.03343,6.500175825322975,-0.625832573189931,1.285410832317637,3.919314006112697,-0.17803136512950618,0.5291909276066487,0.0,0.0,0.0,0.0,0.0,0.0,0.0
-89,pedestrian,4,1,42,289.994324,0.033489,6.480652811379073,-0.5856904183170363,1.2042646461868418,3.9139300403556536,-0.16151897271129662,0.4953717725462867,0.0,0.0,0.0,0.0,0.0,0.0,0.0
-89,pedestrian,4,1,43,290.027774,0.03345,6.4623834507552465,-0.5480808187148145,1.1282879880666536,3.9090619905837833,-0.14604149315610737,0.46432438665567755,0.0,0.0,0.0,0.0,0.0,0.0,0.0
-89,pedestrian,4,1,44,290.061237,0.033463,6.445290153784758,-0.512798909114649,1.058457288004965,3.904676304204036,-0.13157059139242142,0.43412705291057874,0.0,0.0,0.0,0.0,0.0,0.0,0.0
-89,pedestrian,4,1,45,290.09471,0.033473,6.429300884394419,-0.4796780817101859,0.9936248221338921,3.900741462219235,-0.1180452595440313,0.40575995545170324,0.0,0.0,0.0,0.0,0.0,0.0,0.0
-89,pedestrian,4,1,46,290.128183,0.033473,6.414348336629737,-0.4485764329404628,0.9330494630916933,3.897227350830587,-0.10542334165943841,0.37865753653778683,0.0,0.0,0.0,0.0,0.0,0.0,0.0
-89,pedestrian,4,1,47,290.161657,0.033474,6.400369500560726,-0.4193650820703462,0.876340526103499,3.8941063323279024,-0.09363055508052875,0.3537835973672895,0.0,0.0,0.0,0.0,0.0,0.0,0.0
-89,pedestrian,4,1,48,290.19513,0.033473,6.387306278792694,-0.39189665304095117,0.8240528708818502,3.8913508433985013,-0.08266466788203045,0.3289766159549494,0.0,0.0,0.0,0.0,0.0,0.0,0.0
-89,pedestrian,4,1,49,290.228603,0.033473,6.375105448079971,-0.3660249213817084,0.7761519497772836,3.888934720025147,-0.07248370120062525,0.30542900044215604,0.0,0.0,0.0,0.0,0.0,0.0,0.0
-89,pedestrian,4,1,50,290.262077,0.033474,6.363715771465686,-0.34169029842855764,0.7300386885945223,3.8868328651029325,-0.06305564766643307,0.2828416060257657,0.0,0.0,0.0,0.0,0.0,0.0,0.0
-89,pedestrian,4,1,51,290.29555,0.033473,6.353089169765991,-0.31879805099083275,0.6867674231317472,3.8850211928978773,-0.05435016615165202,0.2611644454434314,0.0,0.0,0.0,0.0,0.0,0.0,0.0
-89,pedestrian,4,1,52,290.329023,0.033473,6.343180412599227,-0.2972627150029182,0.6460600796374368,3.8834777445556092,-0.046303450268041384,0.2414014765083191,0.0,0.0,0.0,0.0,0.0,0.0,0.0
-89,pedestrian,4,1,53,290.362496,0.033473,6.33394691261242,-0.2770049996041997,0.6077314619615541,3.882180322545843,-0.03892266029298736,0.22142369925162075,0.0,0.0,0.0,0.0,0.0,0.0,0.0
-89,pedestrian,4,1,54,290.39597,0.033474,6.325348386441125,-0.257955785138855,0.571476433960343,3.8811080924641086,-0.032166902452032665,0.20267273522864082,0.0,0.0,0.0,0.0,0.0,0.0,0.0
-89,pedestrian,4,1,55,290.429443,0.033473,6.317346920672019,-0.24004397307319142,0.5373543619699064,3.8802409054890314,-0.026015609252317815,0.18453879599144557,0.0,0.0,0.0,0.0,0.0,0.0,0.0
-89,pedestrian,4,1,56,290.462917,0.033474,6.309907217057888,-0.22319110842392384,0.5055859394780271,3.879559698181487,-0.020436219226334637,0.16738170077949527,0.0,0.0,0.0,0.0,0.0,0.0,0.0
-89,pedestrian,4,1,57,290.4964,0.033483,6.302995439797379,-0.2073533178152724,0.47513371825954337,3.8790477328042265,-0.015358961317802686,0.15231773725595854,0.0,0.0,0.0,0.0,0.0,0.0,0.0
-89,pedestrian,4,1,58,290.529874,0.033474,6.29657878161044,-0.19249974560818583,0.44560716621259694,3.878688241613227,-0.010784735729982814,0.13722676763459615,0.0,0.0,0.0,0.0,0.0,0.0,0.0
-89,pedestrian,4,1,59,290.563347,0.033473,6.29062580903427,-0.17858917728508011,0.41731704969317196,3.878465966958958,-0.006668239628074339,0.12349488305725424,0.0,0.0,0.0,0.0,0.0,0.0,0.0
-89,pedestrian,4,1,60,290.596819,0.033472,6.285107357901898,-0.16555353397115785,0.3910692994176678,3.878366414550172,-0.0029865722635816303,0.11045002093478128,0.0,0.0,0.0,0.0,0.0,0.0,0.0
-89,pedestrian,4,1,61,290.630293,0.033474,6.279995899643659,-0.1533437477471864,0.366293586719144,3.8783760629177086,0.00028945102608887155,0.09828069869011506,0.0,0.0,0.0,0.0,0.0,0.0,0.0
-89,pedestrian,4,1,62,290.66377,0.033477,6.27526577064969,-0.14190386981906966,0.34319633784350245,3.87848303780238,0.0032092465401383943,0.08759386542148569,0.0,0.0,0.0,0.0,0.0,0.0,0.0
-89,pedestrian,4,1,63,290.697241,0.033471,6.270892110603795,-0.13120980137682886,0.32082205326722446,3.8786755188388464,0.005774431093985919,0.07695553661542574,0.0,0.0,0.0,0.0,0.0,0.0,0.0
-89,pedestrian,4,1,64,290.730713,0.033472,6.266851363344527,-0.12122241777805753,0.29962150796313985,3.8789429604422847,0.008023248103149824,0.06746451027491715,0.0,0.0,0.0,0.0,0.0,0.0,0.0
-89,pedestrian,4,1,65,290.764186,0.033473,6.263121231908919,-0.11190394306824605,0.2795542412943446,3.879275951012312,0.00998971710081541,0.05899406992996757,0.0,0.0,0.0,0.0,0.0,0.0,0.0
-89,pedestrian,4,1,66,290.797659,0.033473,6.259681193130048,-0.10320116336612459,0.26108339106364414,3.879665929757071,0.011699362342781303,0.05128935725897679,0.0,0.0,0.0,0.0,0.0,0.0,0.0
-89,pedestrian,4,1,67,290.831133,0.033474,6.256511379211697,-0.09509441755051007,0.24320237446843543,3.8801050680136133,0.01317414769626332,0.044243560604460525,0.0,0.0,0.0,0.0,0.0,0.0,0.0
-89,pedestrian,4,1,68,290.864606,0.033473,6.253593183440616,-0.08754587313244465,0.22645633254196276,3.8805856117370223,0.014416311702269584,0.037264920180187906,0.0,0.0,0.0,0.0,0.0,0.0,0.0
-89,pedestrian,4,1,69,290.898085,0.033479,6.250909222616851,-0.08051882471295516,0.21081145258468473,3.8811008958720388,0.015458524050496901,0.031266370446819534,0.0,0.0,0.0,0.0,0.0,0.0,0.0
-89,pedestrian,4,1,70,290.931535,0.03345,6.248443378294326,-0.07397532967577915,0.1963048511152803,3.8816452315157157,0.016330069310310672,0.02614635779441313,0.0,0.0,0.0,0.0,0.0,0.0,0.0
-89,pedestrian,4,1,71,290.965015,0.03348,6.246180161764084,-0.06789649590725341,0.18236501305577185,3.882213024122335,0.017033778198577525,0.021111266648005618,0.0,0.0,0.0,0.0,0.0,0.0,0.0
-89,pedestrian,4,1,72,290.998486,0.033471,6.2441050024040745,-0.06225478080028055,0.16925145320918572,3.882799477397846,0.01759359826533109,0.016794602002606924,0.0,0.0,0.0,0.0,0.0,0.0,0.0
-89,pedestrian,4,1,73,291.031958,0.033472,6.242204433438649,-0.05701706896278019,0.15713135512501086,3.8834003849733985,0.018027227266572046,0.013008870037228695,0.0,0.0,0.0,0.0,0.0,0.0,0.0
-89,pedestrian,4,1,74,291.065429,0.033471,6.2404660445990405,-0.05215166518824035,0.14596211323619546,3.8840117891680217,0.018342125838699142,0.009446957163812884,0.0,0.0,0.0,0.0,0.0,0.0,0.0
-89,pedestrian,4,1,75,291.098902,0.033473,6.238877840667864,-0.0476461179353047,0.13516641758806924,3.884630165931068,0.01855130289138443,0.006275311580558665,0.0,0.0,0.0,0.0,0.0,0.0,0.0
-89,pedestrian,4,1,76,291.132374,0.033472,6.23742863299809,-0.0434762300932063,0.1250966352629521,3.88525221031847,0.018661331622059792,0.0033008619202608653,0.0,0.0,0.0,0.0,0.0,0.0,0.0
-89,pedestrian,4,1,77,291.165847,0.033473,6.236107963339622,-0.03962008975403742,0.11568421017506651,3.8858750878939547,0.018686327264538838,0.0007498692743713784,0.0,0.0,0.0,0.0,0.0,0.0,0.0
-89,pedestrian,4,1,78,291.199319,0.033472,6.234906161764981,-0.036054047239228726,0.10698127544426074,3.8864962548119415,0.018635007539602372,-0.0015395917480939684,0.0,0.0,0.0,0.0,0.0,0.0,0.0
-89,pedestrian,4,1,79,291.232791,0.033472,6.233814366235344,-0.03275386588910508,0.09900544050370925,3.887113638683949,0.0185215161602237,-0.003404741381360163,0.0,0.0,0.0,0.0,0.0,0.0,0.0
-89,pedestrian,4,1,80,291.266263,0.033472,6.232824052316994,-0.029709417550502173,0.09133345015808725,3.887725219951653,0.018347438031117394,-0.005222343873189251,0.0,0.0,0.0,0.0,0.0,0.0,0.0
-89,pedestrian,4,1,81,291.299736,0.033473,6.231927288302108,-0.026902920446589047,0.08419491311739383,3.8883293113342945,0.018122741479250522,-0.006740896556006129,0.0,0.0,0.0,0.0,0.0,0.0,0.0
-89,pedestrian,4,1,82,291.333243,0.033507,6.231090308554881,-0.025109392416816444,0.053805840893178095,3.8888931299580936,0.016914558713967156,-0.036245482958501045,0.0,0.0,0.0,0.0,0.0,0.0,0.0
-89,pedestrian,4,1,83,291.366717,0.033474,6.23030912745747,-0.023435432922362016,0.05021878483363289,3.889419360673639,0.015786921466369345,-0.03382911742793431,0.0,0.0,0.0,0.0,0.0,0.0,0.0
-89,pedestrian,4,1,84,291.400206,0.033489,6.229580025099885,-0.021873070727537882,0.04687086584472403,3.889910509341482,0.014734460035278056,-0.03157384293273869,0.0,0.0,0.0,0.0,0.0,0.0,0.0
-89,pedestrian,4,1,85,291.433682,0.033476,6.22889952956614,-0.02041486601236869,0.043746141455075764,3.8903689147648017,0.013752162699592852,-0.029468920070556112,0.0,0.0,0.0,0.0,0.0,0.0,0.0
-89,pedestrian,4,1,86,291.46713,0.033448,6.228264400401311,-0.019053874944877446,0.04082973202473737,3.890796759826567,0.01283535185295333,-0.027504325399185705,0.0,0.0,0.0,0.0,0.0,0.0,0.0
-89,pedestrian,4,1,87,291.500602,0.033472,6.227671613180803,-0.01778361661521895,0.03810774988975489,3.8911960818842144,0.011979661729423108,-0.02567070370590666,0.0,0.0,0.0,0.0,0.0,0.0,0.0
-89,pedestrian,4,1,88,291.534074,0.033472,6.227118345108329,-0.016598042174204353,0.0355672332304379,3.891568782471352,0.011181017614128234,-0.023959323458846216,0.0,0.0,0.0,0.0,0.0,0.0,0.0
-89,pedestrian,4,1,89,291.567548,0.033474,6.226601961574021,-0.015491506029257395,0.033196084348408705,3.8919166363526805,0.010435616439853019,-0.022362035228256468,0.0,0.0,0.0,0.0,0.0,0.0,0.0
